hh_id,d_cm,d_nutr,d_satt,d_educ,d_elct,d_wtr,d_sani,d_hsg,d_ckfl,d_asst
10101,0,0,0,0,0,0,0,1,1,0
10103,0,0,1,0,0,0,0,1,1,1
10105,0,0,1,0,0,0,0,0,0,0
10106,0,0,1,0,0,0,0,0,0,0
10108,0,0,1,0,0,0,0,0,0,0
10109,0,0,0,0,0,0,0,1,0,0
10110,0,0,0,0,0,0,0,0,0,0
10201,0,0,0,0,0,0,0,0,0,0
10202,0,0,0,0,0,0,0,0,0,0
10203,0,1,1,0,0,0,0,1,1,0
10205,0,0,0,0,0,0,0,1,1,0
10206,0,0,0,0,0,0,0,1,0,0
10207,0,0,1,0,0,0,0,0,0,0
10208,0,0,1,0,0,0,0,1,0,0
10209,0,0,1,0,0,0,0,0,0,0
10210,0,0,0,0,0,0,1,1,0,0
10211,0,0,1,0,0,0,0,1,0,0
10212,0,0,1,0,0,0,0,1,0,0
10213,0,1,0,0,0,0,0,0,0,0
10215,0,0,0,1,0,0,0,1,1,1
10216,0,0,0,0,0,0,1,0,1,0
10217,0,0,1,0,0,0,0,1,0,0
10218,0,0,0,0,0,0,0,1,0,0
10219,0,0,0,0,0,0,1,1,1,0
10221,0,1,1,0,0,0,0,1,0,0
10222,0,0,0,0,0,0,1,0,0,0
10302,0,0,0,0,0,0,0,0,0,0
10303,0,0,1,0,0,0,0,0,0,0
10304,0,0,0,0,0,0,1,1,0,0
10305,0,0,0,0,0,0,0,1,0,0
10307,0,0,1,0,0,0,0,0,0,0
10310,0,0,1,0,0,0,1,1,0,0
10312,0,0,1,0,0,0,0,0,0,0
10315,0,0,0,0,0,0,1,0,0,0
10316,0,0,0,0,0,0,0,0,1,0
10317,0,0,1,0,0,0,0,0,0,0
10318,0,0,0,0,0,0,1,1,1,0
10319,0,0,0,0,0,0,0,0,0,0
10320,0,0,0,0,0,0,0,1,1,0
10401,0,0,0,0,0,0,0,1,0,0
10402,0,0,0,0,0,0,0,1,1,0
10403,0,0,0,0,0,0,0,1,0,0
10404,0,0,1,0,0,0,0,1,1,0
10501,0,0,1,0,1,0,1,1,1,0
10502,0,0,0,0,0,0,0,1,1,0
10503,0,0,0,0,0,0,0,1,1,0
10602,0,0,0,0,0,0,1,0,0,0
10603,0,0,1,0,0,0,0,1,0,0
10605,0,0,0,0,0,0,0,0,0,0
10606,0,0,1,0,0,0,0,0,0,0
10607,0,0,0,0,0,0,0,1,0,0
20101,0,0,0,0,0,0,0,0,0,0
20102,0,0,0,0,0,0,0,0,0,0
20103,0,0,0,0,0,0,0,0,0,0
20104,0,0,0,0,0,0,1,1,0,0
20105,0,0,0,0,0,0,0,0,0,0
20106,0,0,0,0,0,0,0,0,0,0
20107,0,0,0,0,0,0,0,0,0,0
20108,0,0,0,0,0,0,0,0,0,0
20109,0,0,0,0,0,0,0,1,0,0
20110,0,0,1,0,0,0,0,0,0,0
20111,0,0,0,0,0,0,0,0,0,0
20113,0,0,0,0,0,0,0,0,1,0
20116,0,0,0,0,0,0,0,0,0,0
20117,0,0,0,0,0,0,0,0,0,0
20118,0,0,0,0,0,0,0,0,0,0
20120,,0,0,0,0,0,0,0,0,0
20121,0,0,0,0,0,0,0,0,0,0
20201,0,1,0,0,0,0,0,1,0,0
20202,0,0,0,0,0,0,0,0,0,0
20203,0,0,0,0,0,0,0,0,1,0
20204,0,0,0,0,0,0,0,0,1,0
20205,0,0,0,0,0,0,1,1,0,0
20207,0,0,0,0,0,0,1,1,1,0
20208,0,0,0,0,0,0,1,1,1,0
20209,0,0,0,0,0,0,0,0,1,0
20301,0,0,0,0,0,0,1,1,1,0
20302,0,0,0,0,0,0,0,1,0,0
20303,,0,0,0,0,0,0,0,0,0
20304,0,0,0,0,0,0,1,1,1,0
20305,0,0,0,0,0,0,1,0,0,0
20306,0,0,0,0,0,0,0,0,0,0
20307,0,0,1,0,0,0,0,0,1,0
20308,0,0,0,0,0,0,0,1,1,0
20310,0,0,0,0,0,0,0,0,0,0
20311,0,0,0,0,0,0,1,0,0,0
20401,0,0,0,0,0,0,0,1,0,0
20403,0,0,0,0,0,0,0,0,0,0
20404,0,0,0,0,0,0,0,1,0,0
20405,0,0,0,0,0,0,0,0,0,0
20407,0,0,0,0,0,0,0,1,0,0
20408,0,0,0,0,0,0,0,0,0,0
20409,0,0,0,0,0,0,0,1,0,0
20410,1,0,0,0,0,0,0,1,0,0
20411,0,0,0,0,0,0,0,0,0,0
20412,0,0,0,0,0,0,0,1,0,0
20414,0,0,0,0,0,0,1,0,0,0
20415,0,0,0,0,0,0,0,0,0,0
20416,0,0,0,0,0,0,0,0,1,0
20417,,0,0,0,0,0,0,1,0,0
30101,0,0,0,0,0,0,0,0,0,0
30102,0,1,0,0,0,0,0,0,0,0
30103,0,0,0,1,0,0,1,0,0,0
30104,0,0,0,0,0,0,1,0,0,0
30106,0,0,0,0,0,0,0,0,0,0
30107,0,0,0,0,0,0,1,0,1,0
30108,0,0,0,0,0,0,0,0,0,0
30109,0,0,0,0,0,0,0,0,0,0
30110,0,0,1,0,0,0,0,1,0,0
30112,0,0,0,0,0,0,0,1,0,0
30113,0,0,0,0,0,0,0,1,0,0
30115,0,0,0,0,0,0,0,1,0,0
30116,0,0,0,0,0,0,0,1,0,0
30118,0,0,0,0,0,0,0,0,0,0
30120,0,0,1,0,0,0,0,0,0,0
30201,0,0,0,0,0,0,0,0,0,0
30202,0,0,0,0,0,0,1,1,1,0
30203,0,0,1,0,0,0,0,0,0,0
30204,0,0,1,0,0,0,0,0,0,0
30205,0,0,0,0,0,0,1,0,0,0
30206,0,0,0,0,0,0,0,1,1,0
30207,1,0,0,0,0,0,0,1,0,0
30208,,0,0,0,0,0,1,0,0,0
30209,0,0,0,1,0,0,0,0,0,1
30210,0,0,0,0,0,0,1,1,0,1
30301,0,0,1,0,0,0,0,0,0,0
30303,0,0,1,0,0,0,0,1,0,0
30304,0,0,0,0,0,0,0,0,0,0
30306,0,0,0,0,0,0,1,0,0,0
30307,0,0,1,0,0,0,0,0,0,0
30308,0,1,0,0,0,0,1,1,0,0
30310,0,0,1,0,0,0,0,1,0,0
30311,0,0,1,0,0,0,0,0,0,0
30312,0,0,0,0,0,0,1,1,0,0
30313,0,0,0,0,0,0,1,0,0,0
30314,0,0,0,0,0,0,0,1,0,0
30315,0,0,0,0,0,0,0,0,0,0
30401,0,0,1,0,0,0,0,0,0,0
30402,0,0,0,0,0,0,0,1,0,0
30403,0,0,0,0,0,0,1,0,0,0
30404,0,0,0,0,0,0,0,0,0,0
30405,0,0,0,1,0,0,1,1,0,1
30406,0,0,0,0,0,0,0,1,0,1
30407,0,0,0,0,0,0,1,1,0,0
30408,0,1,0,0,0,0,0,0,0,0
30409,0,0,1,0,0,0,1,0,0,0
30410,0,0,0,0,0,0,0,0,0,0
30411,0,0,,0,0,0,1,0,0,0
30412,0,0,0,0,0,0,0,0,0,0
30413,0,1,0,0,0,0,0,0,0,0
30501,0,0,0,0,0,0,1,0,0,0
30503,0,0,0,0,0,0,0,0,0,0
30504,0,0,0,0,0,0,0,0,0,0
30505,0,0,0,0,0,0,0,0,0,0
30506,0,0,1,0,0,0,0,0,0,0
30507,0,0,1,0,0,0,0,1,0,0
30508,0,0,1,0,0,0,1,0,1,0
30509,0,0,0,0,0,0,0,1,0,0
30510,0,1,1,0,0,0,0,1,0,0
30511,0,0,0,0,0,0,0,0,1,0
30512,0,0,1,0,0,0,0,1,0,0
30513,0,1,1,0,0,0,1,0,0,0
30514,0,0,0,0,0,0,1,0,0,0
30515,0,0,0,0,0,0,1,1,1,0
40103,0,0,1,0,0,0,0,1,0,0
40104,0,0,1,0,0,0,1,1,1,0
40105,0,0,0,0,0,0,1,0,0,0
40106,0,0,0,0,0,0,0,1,0,0
40107,0,0,0,0,0,0,0,1,1,0
40108,0,0,0,0,0,0,0,0,0,0
40110,0,0,0,0,0,0,0,1,0,0
40201,0,0,1,0,0,0,0,0,0,0
40202,0,0,1,0,0,0,0,1,0,0
40204,0,0,1,0,0,0,0,1,0,0
40205,0,0,1,0,0,0,0,1,1,0
40207,0,0,0,0,0,0,0,1,0,0
40208,0,1,0,0,0,0,0,1,0,0
40209,0,0,0,0,0,0,1,0,0,0
40210,0,0,0,0,0,0,0,0,1,0
40211,0,0,0,0,0,0,0,1,1,0
40212,0,0,0,0,0,0,0,0,0,0
40301,0,1,0,0,0,0,0,0,0,0
40302,0,0,0,0,0,0,0,1,0,0
40303,0,0,1,0,0,0,0,1,0,0
40304,0,0,0,0,0,0,0,1,0,0
40306,0,0,0,0,0,0,0,0,0,0
40307,0,0,0,0,0,0,0,0,1,0
40308,0,0,0,0,0,0,0,1,0,0
40309,0,1,0,0,0,0,0,0,1,0
40310,0,0,0,0,0,0,0,0,1,0
40311,0,0,0,0,0,0,1,0,1,0
40401,0,0,0,0,0,0,0,0,0,0
40403,0,0,0,0,0,0,0,0,0,0
40404,0,0,0,0,0,0,0,1,0,0
40405,0,0,0,0,0,0,0,0,0,1
40406,0,0,0,0,0,0,0,1,0,0
40407,0,0,0,0,0,0,0,1,1,0
40408,0,0,0,0,0,0,0,0,0,0
40409,0,0,0,0,0,0,0,0,0,0
40410,0,0,0,0,0,0,0,0,0,0
40411,0,1,0,0,0,0,0,1,1,0
40412,0,0,0,0,0,0,1,0,1,0
40413,0,0,0,0,0,0,0,0,0,0
40414,0,1,0,0,0,0,0,0,0,0
40416,0,0,0,0,0,0,1,0,0,0
40417,0,0,0,0,0,0,0,0,0,0
40418,0,1,0,0,0,0,0,1,1,0
40419,0,0,0,0,0,0,1,1,0,0
40420,0,0,0,0,0,0,0,1,0,0
40501,0,0,0,0,0,0,0,1,1,0
40502,0,0,0,0,1,0,1,1,0,0
40503,0,0,0,0,0,0,0,0,0,0
40505,0,0,0,0,0,0,0,0,0,0
50101,0,0,0,0,0,0,0,1,0,0
50103,0,0,1,0,0,0,0,0,0,0
50106,0,0,0,0,0,0,0,0,1,0
50107,0,0,0,0,0,0,0,1,0,0
50108,0,0,0,0,0,0,0,0,0,0
50109,0,0,0,0,0,0,0,0,0,0
50110,0,0,0,0,0,0,0,0,0,0
50111,0,0,0,0,0,0,0,1,0,0
50112,0,0,0,0,0,0,0,0,0,0
50113,0,0,0,0,0,0,0,1,0,0
50114,0,0,0,0,0,0,0,0,0,0
50115,0,0,0,0,0,0,0,1,0,0
50116,0,0,0,0,0,0,0,0,0,0
50117,0,0,0,0,0,0,0,0,0,0
50118,0,0,0,0,0,0,0,0,0,0
50119,0,0,0,0,0,0,0,0,0,0
50120,0,0,0,0,0,0,0,0,0,0
50201,0,0,0,0,0,0,0,0,0,0
50202,0,0,0,0,0,0,0,0,0,0
50203,0,1,0,0,0,0,0,0,0,0
50205,0,0,0,0,0,0,0,0,0,0
50207,0,0,0,0,0,0,1,0,0,0
50208,0,0,0,0,0,0,1,0,1,0
50209,0,0,0,0,0,0,0,0,0,0
50210,0,0,0,0,0,0,0,0,0,0
50212,0,0,0,0,0,0,0,0,1,0
50213,0,0,0,0,0,0,0,0,0,0
50301,0,0,0,0,0,0,0,1,0,0
50303,0,0,0,0,0,0,0,0,0,0
50304,0,0,0,0,0,0,0,1,0,0
50306,1,0,0,0,0,0,0,0,0,0
50307,0,0,0,0,0,0,0,0,0,0
50308,0,0,0,0,0,0,0,0,1,0
50309,0,0,0,0,0,0,0,1,0,0
50310,0,0,0,0,0,0,0,1,1,0
50311,0,0,0,0,0,0,0,1,0,0
50312,0,0,0,0,0,0,0,1,0,0
50313,0,0,0,0,0,0,0,0,0,0
50314,0,0,0,0,0,0,0,0,0,0
50315,0,0,0,0,0,0,0,1,0,1
50316,0,0,0,0,0,0,0,1,0,0
50317,0,0,0,0,0,0,1,1,0,0
50318,,0,0,0,0,0,0,1,0,0
50319,0,0,0,0,0,0,0,0,0,0
50407,0,0,0,0,0,0,0,0,0,0
50408,0,0,0,0,0,0,0,0,0,0
50501,0,0,0,0,0,0,0,0,0,0
50502,0,0,0,0,0,0,0,0,0,0
50503,0,0,1,0,0,0,0,0,0,0
50504,0,0,0,0,0,0,0,0,1,0
50505,0,0,0,0,0,0,0,0,0,0
50506,0,0,0,0,0,0,0,0,1,0
50507,0,0,0,0,0,0,0,0,0,0
50509,0,0,0,0,0,0,0,1,1,0
50510,0,0,0,0,0,0,1,0,0,0
50512,0,0,0,0,0,0,0,0,1,0
50513,0,0,0,0,0,0,0,1,0,0
50514,0,0,0,0,0,0,0,0,0,0
50701,0,0,0,0,0,0,0,1,0,0
50704,0,0,0,0,0,0,0,0,0,0
50706,0,0,0,0,0,0,0,0,1,0
50707,0,0,0,0,0,0,0,0,0,0
50708,0,0,0,0,0,0,0,0,0,0
50709,0,0,0,0,0,0,0,0,0,0
50710,0,0,0,0,0,0,1,0,0,0
50711,0,0,1,0,0,0,0,0,0,0
50713,0,0,0,0,0,0,0,0,0,0
50714,0,0,0,0,0,0,0,0,0,0
50715,0,0,0,0,0,0,0,0,0,0
50716,0,0,0,0,0,0,0,1,0,0
50718,0,0,0,0,0,0,0,0,1,0
50720,0,0,0,0,0,0,0,0,0,0
50721,0,0,0,0,0,0,0,1,1,0
50722,0,0,0,0,0,0,0,0,0,0
50723,0,0,0,0,0,0,0,0,0,0
50802,0,0,0,0,0,0,0,0,1,0
50904,0,0,0,0,0,0,0,1,1,0
50906,0,0,0,0,0,0,0,1,0,0
50907,0,0,0,0,0,0,0,0,0,0
51002,0,0,0,0,0,0,0,1,0,0
51003,0,0,0,0,0,0,0,0,0,0
51005,0,0,0,0,0,0,0,0,0,0
51006,0,0,0,0,0,0,0,0,0,0
51007,0,0,0,0,0,0,0,0,0,0
51008,0,0,0,0,0,0,0,1,0,0
60101,0,0,0,0,0,0,0,1,0,0
60102,0,0,0,0,0,0,0,1,0,0
60103,0,0,0,0,0,0,0,0,0,0
60105,0,0,0,0,0,0,0,0,0,0
60106,0,0,0,0,0,0,0,0,0,0
60107,0,0,0,1,0,0,0,1,0,0
60108,0,0,0,0,0,0,1,0,0,0
60109,0,0,0,0,0,0,0,1,0,0
60110,0,0,0,0,0,0,0,0,0,0
60111,0,0,0,0,0,0,0,0,0,0
60112,0,0,0,0,0,0,0,0,0,0
60113,0,0,0,0,0,0,0,1,1,0
60114,0,1,0,0,0,0,0,1,0,0
60115,0,0,0,0,0,0,0,0,0,0
60117,0,0,0,0,0,0,0,0,0,0
60201,0,0,0,0,0,0,0,1,0,0
60203,0,0,0,0,0,0,0,0,0,0
60207,0,0,0,0,0,0,1,0,0,0
60208,0,0,0,0,0,0,0,0,1,0
60210,0,0,0,0,0,0,0,1,0,0
60211,0,0,0,0,0,0,0,0,0,0
60213,0,0,0,0,0,0,0,1,0,0
60214,0,0,0,0,0,0,0,0,0,0
60215,0,0,0,0,0,0,0,0,0,1
60216,0,0,0,0,0,0,0,1,0,0
60301,0,0,0,0,1,0,1,1,1,1
60302,0,0,0,0,0,0,0,1,0,0
60303,0,0,0,0,0,0,0,1,0,1
60304,0,0,0,0,0,0,0,1,0,0
60305,0,0,0,0,0,0,0,0,0,0
60306,0,0,0,0,0,0,1,1,0,0
60309,0,0,0,0,1,0,1,1,0,1
60401,0,0,0,0,0,0,0,0,1,0
60402,0,0,0,0,0,0,0,0,0,0
60404,0,0,0,0,0,0,0,0,0,0
60405,0,0,1,0,0,0,1,1,0,0
60406,0,0,0,0,0,0,0,0,0,0
60407,0,0,0,0,0,0,0,0,0,0
60408,0,0,0,0,0,0,0,0,0,0
60409,0,0,0,0,0,0,0,0,0,0
60410,0,0,0,0,0,0,0,0,0,0
60411,0,0,0,0,0,0,0,1,0,0
60414,0,0,0,1,0,0,1,0,0,0
60415,0,0,0,0,0,0,0,0,0,0
60416,0,0,0,0,0,0,0,0,0,0
60417,0,0,0,0,0,0,0,1,0,0
60418,0,0,0,0,0,0,0,1,0,0
60501,0,0,0,0,0,0,0,0,0,0
60502,0,0,0,0,0,0,1,0,0,0
60503,0,0,0,0,0,0,0,0,0,0
60504,0,0,0,0,0,0,0,1,0,0
60505,0,0,0,0,0,0,1,0,0,0
60506,0,0,0,0,0,0,1,0,0,0
60507,0,0,0,1,0,0,0,0,0,1
60508,0,0,0,0,0,0,0,1,0,0
60510,0,0,0,0,0,0,0,0,0,0
70101,1,0,0,0,0,0,0,0,0,0
70102,1,0,0,0,0,0,0,0,0,0
70103,0,0,0,0,0,0,1,1,0,0
70104,0,0,0,0,0,0,0,0,0,0
70105,0,0,0,0,1,0,0,1,0,1
70106,0,0,0,0,0,0,0,0,0,0
70107,0,1,1,0,0,0,0,1,0,0
70108,0,0,1,0,0,0,0,1,0,0
70109,0,0,1,0,0,0,0,1,0,0
70110,0,0,1,0,0,0,0,0,0,0
70111,0,0,0,0,0,0,0,1,1,1
70112,0,0,0,0,0,0,1,0,0,0
70113,0,0,0,0,0,0,0,1,0,0
70114,0,0,0,0,0,0,0,1,0,0
70115,0,0,1,0,0,0,0,0,0,0
70116,0,0,1,0,0,0,0,1,0,0
70117,0,0,0,0,0,0,0,1,0,0
70201,0,0,1,0,0,0,0,0,0,0
70202,0,0,0,0,0,0,0,1,0,0
70203,0,0,0,0,0,0,0,1,0,0
70204,0,0,0,0,0,1,1,1,0,0
70205,0,0,0,0,0,0,0,1,0,0
70206,0,1,1,0,0,0,1,1,0,0
70207,0,0,0,0,0,0,0,1,0,0
70209,0,0,0,0,0,0,0,0,0,0
70211,0,0,1,0,0,1,0,1,0,0
70213,0,0,0,0,0,0,0,1,0,0
70214,0,0,1,0,0,0,0,0,0,0
70215,0,0,0,0,0,0,0,1,0,0
70301,0,0,0,0,0,0,1,1,0,0
70302,0,0,0,0,0,0,0,0,0,0
70303,0,0,0,0,0,0,0,1,0,0
70304,0,1,0,0,0,0,0,1,0,0
70305,0,0,0,0,0,0,0,1,0,0
70306,0,0,0,0,0,0,0,1,0,0
70308,0,0,0,0,0,0,0,1,0,0
70309,0,0,0,0,0,0,0,1,0,0
70310,0,0,0,0,0,0,0,0,0,0
70311,0,0,0,0,0,0,0,0,0,0
70312,0,0,0,0,0,0,0,1,0,0
70313,0,0,0,0,0,0,0,1,0,0
70315,0,0,0,0,0,0,0,1,0,0
70401,0,0,0,0,0,0,0,1,0,0
70402,0,0,0,0,0,0,1,1,0,0
70403,0,0,0,0,0,0,1,1,0,0
70404,0,0,0,0,0,0,0,0,0,0
70405,1,0,0,0,0,0,0,0,0,0
70406,0,0,0,0,0,0,0,1,0,0
70407,0,0,0,0,0,0,1,1,0,0
70408,0,0,0,0,0,0,0,0,0,0
70409,0,0,0,0,0,0,0,1,0,0
70410,1,0,0,0,0,0,0,0,0,0
70411,0,0,0,0,0,0,0,0,0,0
70412,0,0,0,0,0,0,0,1,0,0
70503,0,0,0,0,0,0,0,1,0,0
70504,0,1,0,0,0,0,1,1,0,0
70505,0,0,1,0,0,0,0,0,0,0
70506,0,0,0,0,0,0,1,1,0,0
70507,0,0,0,0,0,0,0,1,0,0
70508,0,0,0,0,0,0,0,1,0,0
70509,0,0,0,0,0,0,0,0,0,0
70511,0,0,0,0,0,0,0,1,0,0
70512,0,0,0,0,0,0,0,0,0,0
70601,0,0,1,0,0,0,0,1,0,0
70603,0,0,0,0,0,0,0,1,0,0
70604,0,0,0,0,0,0,0,1,0,0
70605,0,0,0,0,0,0,0,1,0,0
70606,0,0,0,0,0,0,0,1,0,0
70607,0,0,0,0,0,0,1,1,0,0
70613,0,,0,0,0,0,1,1,0,0
70614,0,0,0,0,0,0,0,1,0,0
70701,0,1,0,0,0,0,0,1,0,0
70702,0,0,0,0,0,0,1,1,0,0
70703,0,0,0,0,0,0,0,0,0,0
70704,0,0,0,0,0,0,1,1,0,0
70705,0,0,0,0,0,0,0,0,0,0
70706,0,0,0,0,0,0,1,0,0,0
70707,0,0,0,0,0,0,0,1,0,0
70708,0,0,0,0,0,0,0,1,0,0
70709,0,0,0,0,0,0,0,1,0,0
70710,0,0,1,0,0,0,0,0,0,0
70711,0,1,0,0,0,0,1,0,0,0
70712,0,0,0,0,0,0,1,1,0,0
70713,0,0,0,0,0,0,0,0,0,0
70714,0,0,0,0,0,0,0,0,0,0
70715,0,0,1,0,0,0,0,1,0,0
70716,0,0,0,0,0,0,1,1,0,0
70801,0,0,0,0,0,0,0,0,0,0
70804,0,0,0,0,0,0,0,1,0,0
70806,0,0,0,0,1,0,0,1,0,1
70807,0,0,0,0,0,0,0,0,0,0
70808,0,0,0,0,0,0,0,1,0,0
70809,1,0,1,0,0,0,1,1,0,0
70812,0,0,1,0,0,0,0,1,0,0
70813,0,0,0,0,0,0,0,1,0,0
70814,0,0,1,0,0,0,0,0,0,0
70815,0,0,0,0,0,0,0,0,0,0
70901,0,0,0,0,0,0,0,0,0,0
70902,0,0,0,0,0,0,0,1,0,0
70903,0,0,0,0,0,0,1,1,0,0
70904,0,0,0,0,0,0,0,1,0,0
70905,0,0,0,0,0,0,0,0,0,0
70907,0,0,0,0,0,0,0,1,0,0
70908,0,0,0,0,0,0,0,1,0,0
70909,0,0,0,0,0,0,0,1,0,0
70910,0,0,0,0,0,0,0,1,0,0
70911,0,0,0,0,0,0,0,0,0,0
70912,0,0,0,0,0,0,0,1,0,0
70913,0,0,0,0,0,0,0,1,0,0
70915,0,0,1,0,0,0,0,1,0,0
71001,0,0,1,0,0,0,0,1,0,0
71002,0,,0,0,0,0,0,0,0,0
71003,0,1,0,0,0,0,0,1,0,0
71004,0,0,1,0,0,0,0,0,0,0
71005,0,0,1,0,0,0,0,1,0,0
71006,0,0,0,0,0,0,0,0,0,0
71007,0,0,0,0,0,0,0,0,0,0
71008,0,0,0,0,0,0,0,0,0,0
71009,0,0,1,0,0,0,0,1,0,0
71010,0,0,0,0,0,0,0,0,0,0
71011,0,0,0,0,0,0,0,0,0,0
71012,0,0,0,0,0,0,1,0,0,0
71013,0,0,1,0,0,0,0,0,0,0
71014,0,0,0,0,0,0,0,0,0,0
71015,0,0,0,0,0,0,0,0,0,0
71101,0,0,0,0,0,0,0,1,0,0
71102,0,0,0,0,0,0,0,0,0,0
71104,0,0,0,0,0,0,0,1,0,0
71105,0,0,1,0,0,0,0,0,0,0
71106,0,0,1,0,0,0,0,1,0,0
71107,0,1,1,0,0,0,0,0,0,0
71108,0,0,0,0,0,0,0,0,0,0
71109,0,0,0,0,0,0,0,0,0,0
71110,0,0,0,0,0,0,1,1,0,0
71111,0,0,0,0,0,0,0,1,0,0
71112,0,0,0,0,0,0,0,0,0,0
71113,0,0,0,0,0,0,0,1,0,0
71114,0,0,0,0,0,0,0,1,0,0
71115,0,0,1,0,0,0,0,0,0,0
71116,0,0,1,0,0,0,0,0,0,0
71117,0,0,1,0,0,0,0,1,0,0
71118,0,0,0,0,0,1,0,0,0,0
71119,0,0,0,0,0,0,0,1,0,0
71120,0,0,0,0,0,0,0,0,0,0
71121,0,0,0,0,0,0,0,0,0,0
71122,0,,1,0,0,0,0,1,0,0
71201,0,0,0,0,0,0,0,1,0,0
71202,0,0,0,0,0,0,0,1,0,0
71203,0,0,0,1,0,0,0,0,0,0
71204,0,0,0,0,0,0,0,1,0,0
71205,0,0,0,0,0,0,0,1,0,0
71207,0,0,0,0,0,0,0,1,0,0
71209,0,0,0,0,0,0,0,1,0,0
71210,0,0,0,0,0,0,0,1,0,0
71301,0,0,1,0,0,0,1,0,0,0
71303,0,0,0,0,0,0,0,0,0,0
71305,0,0,0,0,0,0,0,0,0,0
71306,0,0,0,0,0,0,0,0,0,0
71308,0,0,0,0,0,0,1,0,0,0
71309,0,0,0,0,0,0,0,0,0,0
71310,0,0,1,0,0,0,0,0,0,0
71311,0,0,0,0,0,0,0,0,0,0
71312,1,0,1,0,0,0,0,0,0,0
71313,0,0,1,0,0,0,0,0,0,0
71314,0,0,0,0,0,0,0,0,0,0
71401,0,0,0,0,0,0,1,1,0,0
71402,0,0,0,0,0,0,0,0,0,0
71403,0,0,0,0,0,0,0,1,0,0
71404,0,0,0,,0,0,0,1,0,0
71405,0,0,0,0,0,0,0,1,0,0
71407,0,0,0,0,0,0,0,0,0,0
71408,0,0,0,0,0,0,0,1,0,0
71409,0,0,0,0,0,0,0,1,0,0
71411,0,0,0,0,0,1,0,1,0,0
71412,0,0,0,0,0,0,0,0,0,0
71501,0,0,0,0,0,0,0,1,0,0
71502,0,0,0,0,0,0,1,1,0,0
71503,0,0,0,0,0,0,1,1,0,0
71504,0,0,0,0,0,0,1,1,0,0
71505,0,0,0,0,0,0,0,0,0,0
71506,0,0,0,0,0,0,1,1,0,0
71507,0,1,0,0,0,0,1,1,0,0
71508,0,1,0,0,0,0,0,1,0,0
71509,0,0,0,0,0,0,0,0,0,0
71510,0,0,1,0,0,0,0,1,0,0
71511,0,0,0,0,0,0,0,0,0,0
71601,0,0,0,0,0,0,0,0,0,0
71602,0,0,0,0,0,0,0,1,0,0
71603,0,0,0,0,0,0,0,1,0,0
71604,0,1,0,0,0,0,0,1,0,0
71605,0,0,0,0,0,0,0,0,0,0
71606,0,0,0,0,0,0,0,0,0,0
71607,0,0,0,0,0,0,0,0,0,0
71608,0,1,0,0,0,0,0,1,0,0
71609,0,0,0,0,0,0,0,0,0,0
71610,0,0,0,0,0,0,0,1,0,0
71612,0,0,0,0,0,0,1,1,0,1
71703,1,0,0,0,0,0,0,0,0,0
71704,0,0,0,0,0,0,0,0,0,0
71705,0,0,0,0,0,0,0,1,0,0
71706,0,0,0,0,0,0,0,1,0,0
71707,0,0,0,0,0,0,0,0,0,0
71708,1,0,0,0,0,0,1,0,0,0
71709,0,0,0,0,0,0,0,0,0,0
71710,0,0,0,0,0,0,0,1,0,0
71711,0,0,0,0,0,0,0,0,0,0
71712,0,0,0,0,0,0,0,1,0,0
71713,0,1,0,0,0,0,1,1,0,0
71714,0,0,0,0,0,0,1,1,0,0
71715,0,0,1,0,0,0,0,0,0,0
71716,0,0,0,0,0,0,0,1,0,0
71717,0,0,0,0,0,0,0,0,0,0
71719,0,0,0,0,0,0,0,1,0,0
71801,0,0,0,0,0,0,0,1,0,0
71802,0,0,0,0,0,0,0,1,0,0
71803,0,0,0,0,0,0,0,1,0,0
71804,0,0,0,0,0,0,0,0,0,0
71807,0,0,0,0,0,0,1,1,0,0
71808,0,0,0,0,0,0,1,1,0,0
71810,0,0,0,0,0,0,0,0,0,0
71811,0,0,0,0,0,0,1,0,0,0
71812,0,0,0,0,0,0,0,0,0,0
71901,0,0,0,0,0,0,0,0,0,0
71903,0,0,0,0,0,0,1,1,0,0
71904,0,0,0,0,0,0,0,1,0,0
71905,0,0,0,0,0,0,0,0,0,0
71906,0,0,0,0,0,0,0,0,0,0
71907,0,0,0,0,0,0,1,1,0,0
71908,0,0,0,0,0,0,0,0,0,0
71909,1,0,0,0,0,0,0,0,0,0
71910,0,0,0,0,0,0,0,1,0,0
71911,0,0,0,0,0,0,0,0,0,0
71912,0,0,0,0,0,0,1,0,0,0
71913,0,0,0,0,0,0,0,0,0,0
71914,0,0,0,0,0,0,0,0,0,0
71915,0,0,0,0,0,0,1,0,0,0
72001,0,0,0,0,0,0,0,1,0,0
72002,0,0,0,0,0,0,0,1,0,0
72003,0,0,0,0,0,0,1,1,0,0
72004,0,0,0,0,0,0,0,1,0,0
72005,0,0,0,0,0,0,1,1,0,0
72006,0,0,0,0,0,0,0,0,0,0
72008,0,0,0,0,0,0,0,0,0,0
72010,0,0,0,0,0,0,1,1,0,0
72011,0,0,0,0,0,0,1,1,0,0
72102,0,0,0,0,0,0,0,1,0,0
72103,0,1,0,0,0,0,0,1,0,0
72104,0,0,0,0,0,0,0,0,0,0
72106,0,0,0,0,0,0,0,0,0,0
72107,0,0,0,0,0,0,0,0,0,0
72108,0,0,0,0,0,0,0,0,0,0
72109,0,0,0,0,0,0,0,0,0,0
72110,0,0,0,0,0,0,0,0,0,0
72111,0,0,0,0,0,0,1,1,0,0
72113,0,0,0,0,0,0,0,0,0,0
72115,0,0,0,0,0,0,0,0,0,0
72116,0,0,0,0,0,0,0,1,0,0
72117,0,0,0,0,0,0,0,0,0,0
72119,0,0,0,0,0,0,0,1,0,0
72120,0,0,0,0,0,0,0,0,0,0
72121,0,0,0,0,0,0,0,1,0,0
72123,0,0,0,0,0,0,0,1,0,0
72124,0,0,0,0,0,0,0,1,0,0
72125,0,0,0,0,0,0,0,0,0,0
72201,0,0,0,0,0,0,0,0,0,0
72202,0,0,0,0,0,0,0,0,0,0
72203,0,0,0,0,0,0,1,0,0,0
72204,0,1,0,0,0,0,0,1,0,0
72205,0,0,0,0,0,0,0,0,0,0
72206,0,0,0,0,0,0,0,1,0,0
72207,0,0,0,0,0,0,0,0,0,0
72208,0,0,0,0,0,0,0,1,0,0
72209,0,0,0,0,0,0,0,0,0,0
72210,0,0,0,0,0,0,0,1,0,0
72211,0,0,0,0,0,0,0,0,0,0
72212,0,0,0,0,0,0,0,1,0,0
72213,0,0,0,0,0,0,0,1,0,0
72214,0,0,0,0,0,0,0,1,0,0
72215,0,0,0,0,0,0,1,1,0,0
72301,0,0,0,0,0,0,1,0,0,0
72302,0,0,0,0,0,0,1,0,0,0
72303,0,0,0,0,0,0,1,1,0,0
72304,0,0,0,0,0,0,0,0,0,0
72401,0,0,0,0,0,0,0,0,0,0
72402,0,0,0,0,0,0,0,1,0,0
72403,0,0,0,0,0,0,0,1,0,0
72404,0,0,0,0,0,0,0,1,0,0
72405,0,0,0,0,0,0,0,1,0,0
72406,0,0,0,0,0,0,0,0,0,0
72408,0,0,0,0,0,0,0,0,0,0
72409,0,0,0,0,0,0,0,0,0,0
72410,0,0,0,0,0,0,0,0,0,0
72411,0,0,0,0,0,0,0,0,0,0
72412,0,,0,0,0,0,0,1,0,0
72413,0,0,0,0,0,0,0,1,0,0
72414,0,0,0,0,0,0,0,1,0,0
72501,0,0,0,0,0,0,1,0,0,0
72502,0,0,0,0,0,0,0,0,0,0
72503,0,1,0,0,0,0,1,0,0,0
72504,0,0,0,0,0,0,0,1,0,0
72505,0,0,0,0,0,0,0,1,0,0
72509,0,0,0,0,0,0,0,1,0,0
72601,0,0,0,0,0,0,1,1,0,0
72602,0,0,0,0,0,0,1,0,0,0
72603,0,0,0,0,0,0,1,1,0,0
72604,,0,0,0,0,0,1,1,0,0
72605,0,0,0,0,0,0,0,0,0,0
72607,0,0,0,0,0,0,0,1,0,0
72608,0,0,0,0,0,0,0,1,0,0
72609,0,1,0,0,0,0,0,0,0,0
72611,0,0,0,0,0,0,0,0,0,0
72614,0,0,0,0,0,0,0,1,0,0
72615,0,0,0,0,0,0,0,1,0,0
72703,0,0,0,0,0,0,0,0,0,0
72704,0,0,0,0,0,0,0,0,0,0
72705,,0,0,0,1,0,1,1,0,0
72706,0,0,0,0,0,0,0,1,0,0
72707,0,0,0,0,0,1,0,0,0,0
72708,0,0,0,0,0,0,0,0,0,0
72709,0,0,0,0,0,0,0,1,0,0
72710,0,0,0,0,0,0,0,1,0,0
72711,0,0,0,0,0,0,1,1,0,0
72801,0,0,0,0,0,0,1,0,0,0
72802,0,0,0,0,0,0,0,0,0,0
72803,0,0,0,0,0,0,0,0,0,0
72804,0,0,0,0,0,0,0,1,0,0
72805,0,1,0,0,0,0,0,1,0,0
72807,0,0,0,0,0,0,0,1,0,0
72809,0,0,0,0,0,0,1,0,0,0
72810,0,0,0,0,0,0,0,1,0,0
72811,0,0,0,0,0,0,0,1,0,0
72812,0,0,0,0,0,0,1,1,0,0
72813,0,0,0,0,0,0,0,0,0,0
72814,1,0,0,0,0,0,0,1,0,0
72815,0,0,0,0,0,0,0,1,0,0
72901,0,0,0,0,0,0,0,1,0,0
72902,0,0,1,0,0,0,0,0,0,0
72903,0,0,1,0,0,0,0,1,0,0
72904,0,0,0,0,0,0,1,1,0,0
72905,0,,0,0,0,0,0,1,0,0
72906,0,0,0,0,0,0,0,0,0,0
