hh_id,d_cm,d_nutr,d_satt,d_educ,d_elct,d_wtr,d_sani,d_hsg,d_ckfl,d_asst
101,0,0,0,0,0,0,0,0,0,0
102,0,0,0,0,0,0,0,1,0,0
103,0,0,0,0,0,0,0,0,0,0
104,0,0,0,0,0,0,0,1,0,0
106,0,0,0,0,0,0,0,0,0,0
107,0,0,0,0,0,0,0,1,0,0
108,0,0,0,0,0,0,0,1,0,0
109,0,0,0,0,0,0,0,0,0,0
110,0,0,0,0,0,0,0,1,1,0
111,0,0,0,0,0,0,0,0,0,0
112,0,1,1,0,0,0,0,1,0,0
113,0,0,0,0,0,0,0,0,0,0
114,0,0,0,0,0,0,0,1,0,0
115,0,0,0,0,0,0,0,0,1,0
201,0,0,0,0,0,0,0,0,0,0
202,0,0,0,0,0,0,0,1,0,0
204,0,0,0,0,0,0,0,0,0,0
205,0,,0,0,0,0,0,1,1,0
206,0,0,0,0,0,0,0,0,0,0
208,0,0,0,0,0,0,0,1,0,0
209,0,0,0,0,0,0,0,1,0,0
210,0,0,0,0,0,0,0,0,0,0
211,0,0,0,0,0,0,0,1,0,0
212,0,0,0,0,0,0,0,0,0,0
213,0,0,0,0,0,0,0,0,0,0
214,0,0,0,0,0,0,0,0,0,0
215,0,0,0,0,0,0,0,0,0,0
301,0,0,0,0,0,0,0,1,0,0
302,0,0,0,0,0,0,0,1,0,0
303,0,1,0,0,0,0,0,0,0,0
304,0,0,0,0,0,0,0,1,1,0
305,0,0,0,0,0,0,0,1,0,0
306,0,0,0,0,0,0,0,0,0,0
309,0,0,0,0,0,0,0,1,1,0
311,0,0,0,0,0,0,0,1,0,0
313,0,0,0,0,0,0,0,0,0,0
314,0,0,0,0,0,0,0,0,0,0
315,0,0,0,0,0,0,0,1,0,0
401,0,0,0,0,0,0,0,0,0,0
403,0,0,0,0,0,0,0,0,0,0
404,0,0,0,0,0,0,0,1,0,0
405,0,0,0,0,0,0,0,0,0,0
406,0,0,0,0,0,0,0,0,0,0
407,0,0,0,0,0,0,0,0,0,0
408,0,0,0,0,0,0,0,0,0,0
410,0,0,0,0,0,0,0,1,0,0
411,0,0,0,0,0,0,0,1,0,0
501,0,0,1,0,0,0,1,1,1,1
502,0,0,0,0,0,0,0,1,0,0
504,0,0,0,0,0,0,0,0,0,0
505,0,0,0,0,0,0,0,0,0,0
506,0,0,0,0,0,0,0,0,0,0
508,0,0,0,0,0,0,0,0,0,0
509,0,0,0,0,0,0,0,0,0,0
510,0,0,0,0,0,0,0,1,0,0
511,0,0,0,0,0,0,0,0,0,0
512,0,,0,0,0,0,0,0,0,0
513,0,0,0,0,0,0,0,0,0,0
514,0,0,0,0,0,0,0,1,0,0
515,0,0,0,0,0,0,0,0,0,0
601,0,0,0,0,0,0,0,0,0,0
602,0,0,0,0,0,0,0,1,0,0
603,0,0,0,0,0,0,0,0,0,0
604,0,0,0,0,0,0,0,0,0,0
605,0,0,0,0,0,0,0,1,0,0
606,0,0,0,0,0,0,0,0,0,0
607,0,0,0,0,0,0,0,0,0,0
609,0,0,0,0,0,0,0,0,0,0
610,0,0,0,0,0,0,0,0,0,0
611,0,0,0,0,0,0,0,1,0,0
612,0,0,0,0,0,0,0,0,0,0
613,0,0,0,0,0,0,0,0,0,0
614,0,0,0,0,0,0,0,0,0,0
615,0,0,0,0,0,0,0,0,0,0
701,0,0,0,0,0,0,0,0,0,0
702,0,0,0,0,0,0,0,0,0,0
703,0,0,0,0,0,0,0,0,0,0
704,0,0,0,0,0,0,0,0,0,0
705,0,0,1,0,0,0,0,1,0,0
706,0,0,0,0,0,0,0,0,0,0
707,0,0,0,0,0,0,0,0,0,0
708,0,0,0,0,0,0,0,1,0,0
709,0,0,0,0,0,0,0,1,0,0
710,0,0,1,0,0,0,0,0,0,0
711,0,0,0,0,0,0,0,0,0,0
712,0,0,0,0,0,0,0,0,0,0
714,0,0,0,0,0,0,0,0,0,0
715,0,0,0,0,0,0,0,0,0,0
801,0,0,0,0,0,0,0,0,0,0
802,0,0,0,0,0,0,0,1,0,0
803,0,0,0,0,0,0,0,0,0,0
804,0,0,0,0,0,0,0,0,0,0
805,0,0,0,0,0,0,0,1,0,0
806,0,0,0,0,0,0,0,0,0,0
807,0,0,0,0,0,0,0,0,0,0
808,0,1,1,0,0,0,0,0,1,0
809,0,0,0,0,0,0,0,0,0,0
810,0,0,0,0,0,0,0,0,0,1
811,0,0,0,0,0,0,0,0,0,0
812,0,0,0,0,0,0,0,0,0,0
813,0,0,0,0,0,0,0,1,0,0
814,0,0,0,0,0,0,0,0,1,0
815,0,0,0,0,0,0,0,0,0,0
901,0,0,0,0,0,0,0,0,0,0
902,0,0,0,0,0,0,0,0,0,0
904,0,0,1,0,0,0,0,0,0,0
905,0,0,1,0,0,0,1,0,0,0
906,0,0,0,0,0,0,0,0,1,0
907,0,0,1,0,0,0,0,0,0,0
908,0,0,0,0,0,0,0,0,0,0
909,0,0,0,0,0,0,0,1,0,0
910,1,0,1,0,0,0,0,1,1,0
911,0,0,0,0,0,0,0,1,0,0
912,0,0,0,0,0,0,0,0,0,0
913,0,0,1,0,0,0,0,1,0,0
914,0,0,0,0,0,0,0,0,0,0
915,0,0,0,0,0,0,0,1,0,0
1001,0,0,0,0,0,0,0,0,0,0
1002,0,0,0,0,0,0,0,0,0,0
1003,0,0,0,0,0,0,0,0,0,0
1004,0,0,0,0,0,0,0,0,0,0
1005,0,0,0,0,0,0,0,1,0,0
1006,0,0,0,0,0,0,0,0,0,0
1007,0,0,0,0,0,0,0,1,0,0
1008,0,0,0,0,0,0,0,1,0,0
1009,0,0,0,0,0,0,0,1,0,0
1010,0,0,0,0,0,0,0,0,0,0
1011,0,0,0,0,0,0,0,0,0,0
1012,0,0,0,0,0,0,0,0,0,0
1013,0,0,0,0,0,0,0,1,0,0
1014,0,0,0,0,0,0,0,0,0,0
1015,0,0,0,0,0,0,0,0,0,0
1101,0,0,0,0,0,0,0,0,0,0
1102,0,0,0,0,0,0,0,0,0,0
1103,0,0,0,0,0,0,0,1,0,0
1104,0,0,0,0,0,0,0,0,0,0
1105,0,0,0,0,0,0,0,0,0,0
1106,0,0,0,0,0,0,0,0,0,0
1107,0,0,0,0,0,0,0,1,1,1
1108,0,0,0,0,0,0,0,1,0,0
1109,0,0,0,0,0,0,0,1,0,0
1110,0,0,0,0,0,0,0,0,0,0
1112,0,0,0,0,0,0,0,0,0,0
1113,0,0,0,0,0,0,0,0,0,0
1114,0,0,0,0,0,0,0,1,1,0
1115,0,0,0,0,0,0,0,1,1,0
1202,0,0,0,0,0,0,0,1,1,0
1203,0,0,0,0,0,0,0,1,0,0
1204,0,0,0,0,0,0,0,0,0,0
1206,,0,0,0,0,0,0,1,0,0
1207,0,0,0,0,0,0,0,0,0,0
1208,0,0,0,0,0,0,0,0,0,0
1210,0,0,0,0,0,0,0,0,0,0
1211,0,0,0,0,0,0,0,1,0,0
1212,0,0,0,0,0,0,0,0,0,0
1213,0,0,0,0,0,0,0,0,0,0
1214,0,0,0,0,0,0,0,0,0,0
1301,0,0,0,0,0,0,0,0,0,0
1302,0,0,0,0,0,0,0,0,0,0
1304,0,0,0,0,0,0,0,0,0,0
1305,0,0,0,0,0,0,0,1,0,0
1306,0,0,0,0,0,0,0,1,0,0
1307,0,0,0,0,0,0,0,1,0,0
1309,0,0,0,0,0,0,0,0,0,0
1310,0,0,0,0,0,0,0,0,0,0
1311,0,0,1,0,0,0,1,0,0,0
1313,0,0,0,0,0,0,0,0,0,0
1314,0,0,0,0,0,0,0,1,0,0
1315,0,0,0,0,0,0,0,0,1,0
1401,0,0,0,0,0,0,0,1,0,0
1402,0,1,0,0,0,0,0,0,0,0
1404,0,0,0,0,0,0,0,1,0,0
1405,0,0,0,0,0,0,0,0,0,0
1406,1,0,0,0,0,0,0,0,0,0
1407,0,0,0,0,0,0,0,0,0,0
1408,0,0,0,0,0,0,0,0,0,0
1409,0,0,0,0,0,0,0,0,0,0
1410,0,0,0,0,0,0,0,1,1,0
1412,0,0,0,0,0,0,0,1,0,0
1413,0,0,0,0,0,0,0,0,1,0
1414,0,0,0,0,0,0,0,0,0,0
1415,0,0,0,0,0,0,0,0,0,0
1501,0,0,0,0,0,0,0,0,0,0
1502,0,0,0,0,0,0,0,0,0,0
1505,0,0,0,0,0,0,0,0,0,0
1506,0,0,0,0,0,0,0,1,0,0
1507,0,0,0,0,0,0,0,0,0,0
1508,0,0,0,0,0,0,0,0,0,0
1509,0,0,0,0,0,0,0,0,0,0
1510,0,0,0,0,0,0,0,0,0,0
1511,0,0,0,0,0,0,0,0,0,0
1512,0,0,0,0,0,0,0,1,0,0
1513,0,0,0,0,0,0,0,1,0,0
1514,0,0,0,0,0,0,0,0,0,0
1515,0,0,0,0,0,0,0,0,0,0
1602,0,0,0,0,0,0,0,1,0,0
1603,0,0,0,0,0,0,0,0,0,0
1604,0,0,0,0,0,0,0,1,0,0
1605,0,0,0,0,0,0,0,0,0,0
1606,0,0,0,0,0,0,0,1,0,0
1607,0,0,0,0,0,0,0,0,0,0
1608,0,1,0,0,0,0,0,0,0,0
1609,0,0,0,0,0,0,1,0,1,0
1610,0,0,0,0,0,0,0,0,0,0
1611,0,0,0,0,0,0,0,0,0,0
1612,0,0,0,0,0,0,0,0,0,0
1613,0,0,0,0,0,0,0,1,0,0
1614,0,0,0,0,0,0,0,0,0,0
1615,0,0,0,0,0,0,0,0,0,0
1701,0,0,0,0,0,0,0,0,0,0
1702,0,0,0,0,0,0,0,0,0,0
1703,0,0,0,0,0,0,0,0,0,0
1705,0,0,0,0,0,0,0,0,0,0
1706,0,0,0,0,0,0,0,0,0,0
1707,0,0,0,0,0,0,0,1,0,0
1708,0,0,0,0,0,0,0,0,0,1
1709,0,0,0,0,0,0,0,0,0,0
1710,0,0,0,0,0,0,0,0,0,0
1713,,0,0,0,0,0,0,0,0,0
1714,0,0,0,0,0,0,0,0,0,0
1715,0,0,0,0,0,0,0,0,0,0
1802,0,0,0,0,0,0,1,0,0,0
1803,0,0,0,0,0,0,0,1,0,0
1804,0,1,0,0,0,0,0,0,0,0
1805,0,0,0,0,0,0,0,0,0,0
1806,0,0,0,0,0,0,0,0,0,0
1807,0,0,0,0,0,0,0,0,0,0
1808,0,0,0,0,0,0,0,1,0,0
1809,0,1,1,0,0,0,0,1,0,0
1810,0,0,0,0,0,0,0,0,0,0
1811,0,0,0,0,0,0,0,0,0,0
1812,0,0,0,0,0,0,0,0,0,0
1815,0,0,0,0,0,0,0,1,0,0
1901,0,0,0,0,0,0,0,0,0,0
1902,0,0,1,0,0,0,0,0,0,0
1903,0,0,0,0,0,0,1,0,0,0
1904,0,0,0,0,0,0,0,0,0,0
1906,0,0,0,0,0,0,0,0,0,0
1911,0,0,0,0,0,0,0,0,0,0
1912,0,0,0,0,0,0,0,1,0,0
1913,0,,0,0,0,0,0,0,0,0
1914,0,0,0,0,0,0,0,1,0,0
1915,0,0,0,0,0,0,0,0,0,0
2001,,0,1,0,0,0,0,0,1,0
2003,0,0,0,0,0,0,0,1,0,0
2004,0,0,0,0,0,0,0,1,1,0
2005,0,0,0,0,0,0,0,0,0,0
2006,0,0,0,0,0,0,0,0,0,0
2008,0,0,0,0,0,0,0,0,0,0
2009,0,0,0,0,0,0,0,0,0,0
2010,0,0,0,0,0,0,0,0,0,0
2011,0,0,0,0,0,0,0,1,0,0
2013,0,1,0,0,0,0,0,0,0,0
2014,0,0,0,0,0,0,0,0,0,0
2015,0,0,0,0,0,0,0,0,0,1
2101,0,0,0,0,0,0,0,0,0,0
2102,0,0,0,0,0,0,0,0,0,0
2103,0,0,0,0,0,0,0,0,0,0
2104,0,,0,0,0,0,0,0,0,0
2105,0,0,0,0,0,0,0,1,0,0
2107,0,0,0,0,0,0,0,1,0,0
2108,0,0,0,0,0,0,0,0,0,0
2109,0,0,0,0,0,0,0,0,0,0
2111,0,0,0,0,0,0,0,1,0,0
2112,,0,0,0,0,0,0,0,0,0
2113,0,0,0,0,0,0,0,0,0,0
2114,0,0,0,0,0,0,0,1,0,0
2201,0,1,0,0,0,0,0,0,0,0
2202,0,0,0,0,0,0,0,0,0,0
2204,0,0,0,0,0,0,0,0,0,0
2205,0,0,0,0,0,0,0,0,0,0
2206,0,0,0,0,0,0,0,1,0,0
2207,0,0,0,0,0,0,0,0,0,0
2208,0,0,0,0,0,0,0,0,0,0
2209,0,0,0,0,0,0,0,0,0,0
2210,0,0,0,0,0,0,0,0,1,0
2211,0,0,0,0,0,0,0,0,0,0
2212,0,0,0,0,0,0,0,0,0,0
2214,0,0,0,0,0,0,0,0,0,0
2215,0,0,0,0,0,0,0,0,0,0
2301,0,0,0,0,0,0,0,0,0,0
2303,0,0,0,0,0,0,0,0,0,0
2305,0,0,0,0,0,0,0,1,0,0
2306,0,0,0,0,0,0,0,1,0,0
2307,0,0,0,0,0,0,0,1,0,0
2308,0,0,0,0,0,0,0,0,0,0
2309,0,0,0,0,0,0,0,0,0,0
2310,0,0,0,0,0,0,0,1,0,0
2311,0,0,0,0,0,0,0,0,0,0
2312,0,0,0,0,0,0,0,1,0,0
2313,0,0,0,0,0,0,0,0,0,0
2314,0,0,0,0,0,0,0,0,0,0
2315,0,0,0,0,0,0,1,0,0,0
2401,0,0,0,0,0,0,0,1,0,0
2403,0,0,0,0,0,0,0,0,0,0
2404,0,0,0,0,0,0,0,0,0,0
2405,0,0,0,0,0,0,0,0,0,0
2406,0,0,0,0,0,0,0,0,0,0
2407,0,0,0,0,0,0,0,0,0,0
2408,0,0,0,0,0,0,0,0,0,0
2409,0,0,0,0,0,0,0,0,0,0
2410,0,0,0,0,0,0,0,1,1,0
2411,0,0,0,0,0,0,0,0,0,0
2412,0,1,0,0,0,0,0,1,0,0
2413,0,0,1,0,0,0,0,0,0,0
2414,0,0,0,0,0,0,0,0,0,0
2415,0,0,0,0,0,0,0,0,0,0
2501,0,0,0,0,0,0,0,0,0,0
2502,0,0,0,0,0,0,0,0,0,0
2503,0,0,0,0,0,0,0,1,1,0
2504,0,0,0,0,0,0,0,1,0,0
2505,0,,0,0,0,0,0,0,0,0
2506,0,0,0,0,0,0,0,1,0,0
2507,,0,0,0,0,0,0,1,0,0
2508,0,0,0,0,0,0,0,1,0,0
2509,0,0,0,0,0,0,0,1,1,0
2511,0,0,0,0,0,0,0,0,0,0
2512,0,0,0,0,0,0,0,1,0,0
2513,0,0,0,0,0,0,0,1,0,0
2514,0,0,0,0,0,0,0,1,0,0
2515,0,0,0,0,0,0,0,1,0,0
2601,0,0,0,0,0,0,0,1,0,0
2602,0,0,0,0,0,0,0,0,0,0
2603,0,0,0,0,0,0,0,0,0,0
2604,0,0,0,0,0,0,0,1,0,0
2605,0,0,0,0,0,0,0,0,0,0
2606,0,0,0,0,0,0,0,0,0,0
2607,0,1,1,0,0,0,1,1,0,0
2608,0,0,0,0,0,0,0,1,0,0
2609,0,0,1,0,0,0,0,1,1,1
2610,0,0,0,0,0,0,1,0,1,0
2611,0,0,0,0,0,0,0,1,0,0
2612,0,0,0,0,0,0,1,1,0,0
2613,0,0,1,0,0,0,0,1,0,0
2614,0,0,0,0,0,0,0,1,1,0
2615,0,0,0,0,0,0,0,1,0,0
2701,0,0,0,0,0,0,0,0,0,0
2702,0,0,0,0,0,0,0,0,0,0
2703,0,0,0,0,0,0,0,0,0,0
2704,0,0,0,0,0,0,0,0,0,0
2705,0,0,0,0,0,0,0,0,0,0
2706,0,0,0,0,0,0,0,0,0,0
2707,0,0,0,0,0,0,0,0,0,0
2709,0,0,0,0,0,0,0,0,0,0
2710,0,0,0,0,0,0,0,0,0,0
2711,0,0,0,0,0,0,0,1,0,0
2712,0,0,0,0,0,0,0,1,0,0
2713,0,0,0,0,0,0,0,1,0,0
2714,0,0,0,0,0,0,0,0,0,0
2715,0,0,0,0,0,0,0,0,0,0
2801,0,0,0,0,0,0,0,0,0,0
2802,0,0,0,0,0,0,0,1,0,0
2804,0,0,0,0,0,0,0,0,0,0
2805,0,0,0,0,0,0,0,1,0,0
2806,0,0,0,0,0,0,0,1,0,0
2807,0,0,0,0,0,0,0,0,0,0
2811,0,0,0,0,0,0,0,1,0,0
2812,1,0,0,0,0,0,0,0,0,0
2813,0,0,0,0,0,0,0,0,0,0
2814,0,0,0,0,0,0,0,0,0,0
2815,0,0,0,0,0,0,0,1,0,0
2901,0,0,0,0,0,0,1,1,0,0
2902,0,0,0,0,0,0,0,0,0,0
2903,0,0,0,0,0,0,0,0,0,0
2904,0,0,0,0,0,0,0,0,0,0
2905,0,0,0,0,0,0,0,0,0,0
2907,0,0,0,0,0,0,0,0,0,0
2908,0,,0,0,0,0,0,1,0,0
2909,0,,0,0,0,0,0,0,0,0
2910,0,0,0,0,0,0,0,0,0,0
2911,0,0,1,0,1,0,0,0,1,1
2912,0,0,0,1,0,0,0,0,0,0
2913,0,1,0,0,0,0,0,1,0,0
2914,0,0,0,0,0,0,1,1,1,1
2915,0,0,0,0,0,0,0,0,0,0
3001,0,0,0,0,0,0,0,0,0,0
3002,0,0,0,0,0,0,0,0,0,0
3003,0,0,0,0,0,0,0,1,0,0
3004,0,0,0,0,0,0,0,1,0,0
3005,0,0,0,0,0,0,0,1,0,0
3006,0,0,0,0,0,0,0,0,0,0
3007,0,0,0,0,0,0,0,1,0,0
3008,0,0,0,0,0,0,0,0,0,0
3009,0,0,0,0,0,0,0,1,1,0
3010,0,0,0,0,0,0,0,1,0,0
3011,0,0,1,0,0,0,0,1,0,0
3012,0,0,0,0,0,0,0,1,0,0
3013,0,0,0,0,0,0,0,0,0,0
3014,0,1,0,0,0,0,0,0,0,0
3104,0,0,0,0,0,0,0,0,0,0
3105,0,0,0,0,0,0,0,0,0,0
3106,0,0,0,0,0,0,0,0,0,0
3107,0,,0,0,0,0,0,0,0,0
3108,0,0,0,0,0,0,0,0,0,0
3110,0,0,0,0,0,0,0,1,1,0
3112,,0,0,0,0,0,0,1,0,0
3113,0,0,0,0,0,0,0,0,1,0
3114,0,1,0,0,0,0,0,0,0,0
3115,0,0,0,0,0,0,0,0,0,0
3201,0,0,0,0,0,0,0,0,0,0
3202,0,0,0,0,0,0,0,0,0,0
3203,0,0,0,0,0,0,0,0,0,0
3204,0,0,0,0,0,0,0,0,0,0
3205,0,0,0,0,0,0,0,0,0,0
3206,0,0,0,0,0,0,0,1,0,0
3207,0,0,0,0,0,0,0,0,0,0
3208,0,0,0,0,0,0,0,0,0,0
3209,0,0,0,0,0,0,0,0,0,0
3210,0,0,0,0,0,0,0,0,0,0
3212,0,0,0,0,0,0,0,0,0,0
3213,0,0,0,0,0,0,0,0,0,0
3214,0,0,1,0,0,0,0,0,1,0
3215,0,0,0,0,0,0,0,0,0,0
3301,0,0,0,0,0,0,0,0,0,0
3303,0,0,0,0,0,0,1,0,0,0
3306,0,0,0,0,0,0,0,0,0,0
3307,0,0,0,0,0,0,0,0,0,0
3308,0,1,0,0,0,0,0,0,0,0
3309,0,0,0,0,0,0,0,1,0,0
3310,0,0,0,0,0,0,0,1,0,0
3312,0,0,0,0,0,0,0,1,0,1
3313,0,0,0,0,0,0,0,1,0,0
3314,0,0,0,0,0,0,0,0,0,0
3315,0,0,0,0,0,0,0,0,0,0
3402,0,0,0,0,0,0,0,0,0,0
3403,0,0,0,0,0,0,0,0,0,0
3406,0,0,0,0,0,0,0,0,0,0
3407,0,0,0,0,0,0,0,1,0,0
3408,0,0,0,0,0,0,0,0,0,0
3410,0,0,0,0,0,0,0,0,0,0
3411,0,0,0,0,0,0,0,0,0,0
3412,0,0,0,0,0,0,0,1,0,0
3413,0,0,0,0,0,0,1,1,0,0
3414,0,0,0,0,0,0,0,1,0,0
3415,0,,0,0,0,1,0,1,0,0
3501,0,0,0,0,0,0,0,0,1,0
3502,0,1,0,0,0,0,0,1,0,0
3504,0,,0,0,0,0,0,0,0,0
3505,0,0,0,0,0,0,0,1,0,0
3506,0,1,0,0,0,1,0,0,0,0
3507,0,0,0,0,0,0,0,1,1,0
3508,0,0,0,0,0,0,0,1,0,0
3509,0,0,0,0,0,0,0,0,0,0
3510,0,0,0,0,0,0,0,1,0,0
3511,0,0,0,0,0,0,0,0,0,0
3512,0,0,0,0,0,0,0,0,0,0
3513,0,0,0,0,0,0,0,0,0,0
3514,0,0,0,0,0,0,0,0,0,0
3515,0,0,0,0,0,0,0,0,0,0
3601,0,0,0,0,0,0,0,0,0,0
3602,0,0,0,0,0,0,0,1,0,0
3603,0,1,0,0,0,0,0,1,0,0
3604,0,0,0,0,0,0,0,0,0,0
3611,0,0,0,0,0,0,0,0,0,0
3612,0,0,1,0,0,0,0,1,0,0
3613,0,0,0,0,0,0,0,0,0,0
3614,0,0,1,0,0,0,0,1,1,0
3701,0,0,0,0,0,0,0,0,0,0
3703,0,0,0,0,0,0,0,0,0,0
3705,0,0,0,0,0,0,0,0,1,0
3706,0,0,0,0,0,0,0,0,0,0
3707,0,0,0,0,0,0,0,0,0,0
3709,1,0,0,0,0,0,0,0,1,1
3712,0,1,1,0,0,0,0,1,0,0
3714,0,0,0,0,0,0,0,0,1,0
3715,0,1,0,0,0,0,0,0,0,0
3801,0,0,1,0,0,0,0,1,0,0
3803,0,1,0,0,0,0,0,1,0,0
3804,0,0,1,0,0,0,0,1,1,0
3805,0,0,0,0,0,0,0,1,0,0
3806,0,1,0,0,0,0,0,1,1,1
3809,0,0,0,0,0,0,0,0,0,0
3810,0,0,0,0,0,0,0,0,0,0
3812,0,0,0,0,0,0,0,1,0,0
3814,0,1,0,0,0,0,0,1,0,0
3815,0,0,0,0,0,0,0,0,0,0
3901,0,0,0,0,0,0,0,1,0,0
3902,0,0,0,0,0,0,0,0,1,1
3903,0,0,0,0,0,0,0,0,0,0
3904,0,0,0,0,0,0,0,0,0,0
3912,0,0,0,0,0,0,0,0,0,0
3914,0,0,0,0,1,0,0,1,0,0
3915,0,0,0,0,0,0,0,0,0,0
4001,0,0,0,0,0,0,0,1,0,0
4004,0,0,0,0,0,0,0,1,1,0
4005,0,0,0,0,0,0,0,0,0,0
4006,0,0,0,0,0,0,0,0,0,0
4009,0,0,0,0,0,0,0,0,0,0
4011,0,0,0,0,0,0,0,0,0,0
4012,0,0,0,0,0,0,0,1,0,0
4013,0,0,0,0,0,0,0,1,0,0
4015,0,0,0,0,0,0,0,0,0,0
4101,0,0,0,0,0,0,0,1,1,0
4102,0,1,0,0,0,0,0,1,1,0
4103,0,0,0,0,0,0,0,0,0,0
4104,0,0,0,0,0,0,0,0,0,0
4106,0,0,0,0,0,0,0,1,0,0
4107,,0,0,0,0,0,0,0,0,0
4108,0,0,1,0,0,0,0,1,1,0
4110,0,0,0,0,0,0,0,0,0,0
4111,0,0,0,0,0,0,0,0,0,0
4112,0,0,0,0,0,0,0,0,0,0
4113,0,0,0,0,0,0,0,1,0,0
4114,0,0,0,0,0,0,0,1,1,1
4201,0,0,0,0,0,0,0,1,1,0
4202,0,0,0,0,0,0,0,0,0,0
4203,0,0,0,0,0,0,0,0,0,0
4204,0,1,0,0,0,0,0,1,0,0
4205,0,0,0,0,0,0,0,1,0,0
4207,0,0,1,0,0,0,0,0,1,0
4208,0,1,0,0,0,0,0,0,0,0
4210,,0,0,0,0,0,0,1,0,0
4211,0,0,0,0,0,0,0,0,0,0
4212,0,0,0,0,0,0,0,1,0,0
4213,0,0,0,0,0,0,0,1,0,0
4214,,0,0,0,0,0,0,1,1,0
4215,0,0,0,0,0,0,0,1,1,1
4301,0,0,0,0,0,0,0,1,0,0
4302,0,0,0,0,0,0,0,1,0,0
4303,0,0,0,0,0,0,0,1,1,0
4304,0,0,0,0,0,0,0,0,1,0
4305,,0,0,0,0,0,0,0,0,0
4307,0,0,0,0,0,0,0,1,0,0
4308,0,0,0,0,0,0,0,1,1,1
4309,0,0,0,0,0,0,0,0,0,0
4310,0,0,0,0,0,0,0,0,0,0
4311,0,0,0,0,0,0,0,1,0,0
4312,0,0,0,0,0,0,0,1,0,0
4313,0,0,0,0,0,0,0,0,0,0
4315,0,0,0,0,0,0,0,0,0,0
4401,,,0,0,0,0,0,1,1,1
4402,0,0,0,0,0,0,0,0,0,0
4404,0,0,0,0,0,0,0,0,0,0
4405,0,0,0,0,0,0,0,1,0,0
4406,0,0,0,0,0,0,0,0,0,0
4407,0,0,0,0,0,0,0,1,0,0
4408,0,0,0,0,0,0,0,0,0,0
4409,0,0,0,0,0,0,0,1,1,0
4410,0,0,0,0,0,0,0,0,0,0
4411,0,1,0,0,0,0,0,0,1,1
4412,0,0,0,0,0,0,0,0,0,0
4413,,0,0,0,0,0,0,0,0,0
4414,0,0,0,0,0,0,0,1,0,0
4415,0,0,0,1,0,0,1,1,0,0
4501,0,0,0,0,0,0,0,1,0,0
4502,0,0,1,0,0,0,0,1,0,0
4503,0,0,0,0,0,0,0,0,1,0
4504,0,0,0,0,0,0,0,1,0,0
4505,0,0,0,0,0,0,0,1,1,0
4506,0,0,0,0,0,0,0,1,1,0
4507,1,0,0,0,0,0,0,0,1,0
4508,0,0,0,0,0,0,0,1,0,0
4510,,0,0,0,0,0,0,1,0,0
4511,0,0,0,0,0,0,0,1,1,1
4513,0,0,0,0,0,0,0,0,0,0
4514,,0,0,0,0,0,0,1,1,0
4515,0,0,0,0,0,0,0,1,0,0
4601,0,0,0,0,0,0,0,1,1,0
4602,0,1,0,0,0,0,0,1,0,0
4603,0,0,0,0,0,0,0,1,0,0
4604,0,0,0,0,0,0,0,1,1,0
4605,0,0,0,0,0,0,0,1,1,0
4606,0,0,0,0,0,0,0,1,0,0
4607,0,0,0,0,0,0,0,1,1,0
4608,0,0,0,0,0,0,0,1,0,0
4609,0,0,0,0,0,0,0,1,1,0
4610,0,1,0,0,0,0,0,1,1,0
4611,,0,0,0,0,0,0,0,0,0
4612,0,0,0,0,0,1,0,1,1,0
4613,0,0,0,0,0,0,0,1,1,0
4615,0,0,0,0,0,0,0,1,1,1
4702,0,0,0,0,0,0,0,1,0,0
4704,0,0,0,0,0,0,0,0,0,0
4707,0,0,0,0,0,0,0,0,0,0
4711,0,1,1,0,0,0,0,1,0,0
4712,0,0,0,0,0,0,0,1,1,0
4713,0,0,0,0,0,0,0,1,0,0
4714,0,0,0,0,0,0,0,0,0,0
4715,0,,0,0,0,0,0,1,0,0
4801,,0,1,0,0,0,0,0,0,0
4802,0,0,0,0,0,0,0,1,0,0
4803,0,0,0,0,0,0,0,1,0,0
4804,0,0,0,0,0,0,0,1,0,0
4805,0,0,0,0,0,0,1,1,1,0
4807,0,1,1,0,0,0,0,1,0,0
4809,0,0,0,0,0,0,0,0,0,0
4811,0,0,0,0,0,0,0,1,0,1
4812,0,0,0,0,0,0,0,1,0,0
4813,,,0,0,0,0,0,1,0,0
4814,0,0,0,0,0,0,0,0,0,0
4815,0,0,0,0,0,0,0,0,0,0
4901,0,0,0,0,0,0,0,0,0,0
4902,0,0,0,0,0,0,0,1,0,0
4903,0,0,0,0,0,0,0,1,0,0
4904,0,1,0,0,0,0,0,1,0,0
4905,0,0,0,1,0,0,0,1,0,0
4906,0,0,0,0,0,0,0,0,0,0
4907,0,0,0,0,0,0,0,1,0,0
4908,0,0,0,0,0,0,0,0,1,0
4910,0,0,0,0,0,0,0,1,1,0
4911,0,0,0,0,0,0,0,0,0,0
4912,0,0,0,0,0,0,0,0,0,0
4913,0,0,0,0,0,0,0,1,0,0
4914,0,0,0,0,0,0,0,0,0,0
5001,0,1,0,0,0,0,0,0,0,0
5002,0,0,0,0,0,0,0,0,0,0
5003,0,0,0,0,0,0,0,0,0,0
5004,0,0,0,0,0,0,0,0,0,0
5005,0,0,0,0,0,0,0,1,0,0
5007,0,0,0,0,0,0,0,1,0,0
5008,0,0,0,0,0,0,0,0,0,0
5009,0,0,0,0,0,0,0,0,0,0
5010,0,0,0,0,0,0,0,0,0,0
5011,0,0,0,0,0,0,0,1,0,0
5013,0,0,0,0,0,0,0,1,0,0
5014,0,0,0,0,0,0,0,0,0,0
5101,0,0,0,0,0,0,0,0,0,0
5102,0,0,0,0,0,0,0,0,0,0
5103,0,0,0,0,0,0,0,1,0,0
5105,0,0,0,0,0,0,0,1,0,0
5107,,0,0,0,0,0,0,1,0,0
5108,0,1,0,0,0,0,0,0,0,0
5111,0,0,0,0,0,0,0,0,0,0
5112,0,0,0,0,0,0,0,1,1,0
5113,0,0,0,0,0,0,0,0,0,0
5114,0,0,0,0,0,0,0,1,0,0
5115,0,0,0,0,0,0,0,0,1,0
5201,0,0,0,0,0,0,0,0,0,0
5203,0,0,0,0,0,0,0,0,0,0
5204,0,0,0,0,0,0,0,1,1,0
5205,0,0,0,0,0,0,0,0,0,0
5206,0,0,0,0,0,0,0,1,0,0
5208,0,0,0,0,0,0,0,0,0,0
5209,0,1,1,0,0,0,0,0,1,0
5210,0,0,0,0,0,0,0,0,0,0
5211,0,0,1,0,0,0,0,0,0,0
5212,0,,0,0,0,0,0,0,0,0
5213,0,0,0,0,0,0,0,1,1,0
5214,0,,0,0,0,0,0,1,1,0
5215,0,0,0,0,0,0,0,1,1,0
5301,0,0,0,0,0,0,0,1,1,0
5302,0,0,0,0,0,0,0,1,1,1
5303,0,0,0,0,0,0,0,1,0,0
5304,0,0,0,0,0,0,0,0,0,0
5305,,0,0,0,0,0,0,0,0,0
5307,0,0,0,0,0,0,0,0,0,0
5308,0,0,0,0,0,0,0,1,0,0
5309,0,0,0,0,0,0,0,1,0,0
5310,0,0,0,0,0,0,0,0,1,0
5311,,1,0,0,0,0,1,1,1,0
5312,0,1,0,0,0,0,0,0,0,0
5313,0,0,0,0,0,0,0,0,0,0
5314,0,,0,0,0,0,0,1,1,0
5315,0,1,0,0,0,1,0,1,0,0
5401,0,0,0,0,0,0,0,1,0,0
5402,0,0,0,0,0,0,1,1,0,0
5403,0,0,0,0,0,0,0,1,0,0
5405,,,0,0,0,0,1,1,0,0
5406,,,0,0,0,0,0,1,0,0
5407,,1,0,0,0,0,0,0,0,0
5408,0,0,0,0,0,0,0,1,1,1
5409,0,0,0,0,0,0,0,1,0,0
5411,0,0,0,0,0,0,0,1,0,0
5412,0,0,0,0,0,0,0,0,1,0
5413,0,0,0,0,0,0,0,0,0,0
5414,0,0,0,0,0,0,0,0,0,0
5415,0,0,0,0,0,0,0,1,0,0
5502,0,1,0,0,0,0,0,0,0,0
5504,0,0,0,0,0,0,0,1,1,1
5505,0,0,0,1,0,0,0,1,0,0
5507,0,0,0,0,0,0,0,0,0,0
5508,0,,0,0,0,0,0,0,1,0
5509,0,0,0,0,0,0,0,0,0,0
5510,0,1,0,0,0,0,0,0,0,0
5512,0,,0,0,0,0,0,1,0,0
5514,0,,0,0,0,0,0,1,0,0
5601,0,0,0,0,0,0,0,0,0,0
5602,0,1,0,0,0,0,0,1,1,1
5603,0,0,0,0,0,0,0,0,0,0
5604,0,0,0,0,0,0,0,0,0,0
5605,0,1,0,0,0,0,0,1,0,0
5606,0,0,0,0,0,0,0,0,0,0
5607,0,1,0,0,0,0,0,1,0,0
5608,0,0,0,0,0,0,0,1,0,0
5609,0,0,0,0,0,0,0,1,1,0
5610,0,,0,0,0,0,0,1,1,0
5611,0,1,0,0,0,0,0,0,0,0
5612,0,1,0,0,0,0,0,0,0,0
5615,,,0,0,0,0,0,0,0,0
5701,0,0,0,0,0,0,0,1,0,0
5703,0,,0,0,0,0,0,1,0,0
5704,0,0,0,0,0,0,0,0,0,0
5705,0,0,0,0,0,0,0,0,0,0
5706,0,0,0,0,0,0,0,0,0,0
5707,0,1,0,0,0,0,0,0,1,0
5708,0,1,1,0,0,0,0,1,1,0
5709,0,0,1,0,0,0,0,1,1,0
5710,0,0,0,0,0,0,0,0,0,0
5713,0,0,0,1,0,0,0,1,0,0
5714,0,0,0,0,0,0,0,1,1,0
5715,0,0,0,0,0,0,0,0,0,0
5802,0,0,0,0,0,0,0,0,0,0
5804,0,0,0,0,0,0,0,1,0,0
5805,,0,0,0,0,0,0,0,0,0
5806,0,0,0,0,0,0,0,0,0,0
5807,0,0,0,0,0,0,0,0,0,0
5808,0,0,1,0,0,0,0,0,0,0
5809,0,0,0,0,0,0,0,1,1,0
5810,0,0,0,0,0,0,0,0,0,0
5811,0,0,0,0,0,0,0,0,0,0
5812,0,0,0,0,0,0,0,1,0,0
5814,0,,0,0,0,0,1,0,0,0
5815,0,0,0,0,0,0,0,0,0,0
5902,0,0,,0,0,0,0,0,0,0
5903,0,,0,0,0,0,0,1,0,0
5904,0,0,0,0,0,0,0,0,0,0
5905,0,0,0,0,0,0,0,1,1,0
5906,0,0,0,0,0,0,0,0,0,0
5908,0,0,0,0,0,0,0,0,0,0
5909,0,,0,0,0,0,0,0,0,0
5913,0,0,0,0,0,0,0,1,1,0
5914,0,0,0,0,0,0,0,0,0,0
5915,0,0,0,0,0,0,0,0,0,0
6001,0,0,0,0,0,0,0,0,0,0
6002,0,0,0,0,0,0,1,1,1,0
6004,0,0,0,0,0,0,0,1,1,0
6005,0,1,0,0,0,0,1,0,0,0
6006,0,0,0,0,0,0,0,1,1,0
6007,0,,0,0,0,0,0,0,1,0
6011,0,,0,0,0,0,0,0,0,0
6012,0,0,0,0,0,0,0,0,0,0
6015,0,0,0,0,0,0,0,0,0,0
6102,0,0,0,0,0,0,0,0,0,0
6103,0,0,0,0,0,0,0,0,1,0
6104,0,0,0,0,0,0,0,0,1,0
6105,0,0,0,0,0,0,0,1,1,0
6106,0,0,0,0,0,0,0,0,1,0
6110,0,,0,0,0,0,0,0,0,0
6113,0,0,0,0,0,0,0,0,0,0
6115,0,0,0,0,0,0,0,1,1,0
6201,0,0,0,0,0,0,0,0,0,0
6202,0,0,0,0,0,0,0,0,0,0
6203,0,1,1,0,0,0,0,1,1,0
6204,0,0,0,0,0,0,0,1,0,0
6205,0,0,0,0,0,0,0,1,0,0
6206,0,0,0,0,0,0,0,0,0,0
6207,0,0,0,0,0,0,0,1,0,0
6208,0,0,0,0,0,0,0,1,1,0
6209,0,0,0,0,0,0,0,0,1,0
6210,0,0,0,0,0,0,1,1,1,0
6211,0,0,0,0,0,0,0,0,1,0
6212,0,0,1,0,0,0,0,0,0,0
6213,0,0,0,0,0,0,0,0,0,0
6214,0,0,0,0,0,0,0,0,1,0
6301,0,0,0,0,0,0,0,0,1,0
6302,0,0,0,0,0,0,0,1,0,0
6303,0,0,0,0,0,0,0,0,0,0
6304,0,0,0,0,0,0,0,0,0,1
6305,0,0,0,0,0,0,0,0,0,0
6306,0,0,0,0,0,0,0,0,0,0
6307,0,0,0,0,0,0,0,0,0,1
6308,0,0,0,0,0,0,0,0,0,0
6309,0,0,0,0,0,0,0,0,0,0
6311,0,0,0,0,0,0,0,1,0,0
6313,0,0,1,0,0,0,0,0,0,0
6314,0,0,1,0,0,0,0,1,0,0
6315,0,0,0,0,0,1,0,0,0,0
6401,0,0,0,0,0,0,0,0,0,0
6402,1,0,0,0,0,0,0,0,1,0
6403,0,0,0,0,0,0,0,0,1,0
6404,0,0,0,0,0,0,0,0,0,0
6405,0,0,0,0,0,0,0,1,0,0
6407,0,0,0,0,0,0,0,0,0,0
6408,0,0,0,0,0,0,0,0,0,0
6409,0,0,0,0,0,0,0,1,0,0
6412,0,0,0,0,0,0,0,0,0,0
6413,0,0,0,0,0,0,0,0,0,0
6414,0,0,0,0,0,0,0,0,1,0
6503,0,0,1,0,0,0,0,0,0,0
6504,0,0,0,0,0,0,0,1,0,0
6505,0,0,0,0,0,0,0,0,0,0
6506,0,0,0,0,0,0,0,0,0,0
6507,0,0,0,0,0,0,0,0,0,0
6508,0,0,0,0,0,0,0,0,0,0
6509,0,0,0,0,0,0,0,0,0,0
6510,0,0,0,0,0,0,0,0,0,0
6512,0,0,0,0,0,0,0,0,0,0
6513,0,0,0,0,0,0,0,0,0,0
6514,0,0,0,0,0,0,0,0,0,0
6515,0,0,1,0,0,0,0,0,0,0
6601,0,0,0,0,0,0,0,1,0,0
6602,0,0,0,0,0,0,0,0,0,0
6603,0,0,0,0,0,0,0,0,1,0
6604,0,0,0,0,0,0,0,0,0,0
6605,0,0,0,0,0,0,1,1,0,0
6606,0,0,1,0,0,0,0,1,0,1
6607,0,0,0,0,0,0,0,1,0,0
6609,0,0,0,0,0,0,0,0,1,0
6610,0,0,1,0,0,0,0,1,0,0
6611,0,0,0,0,0,0,0,1,0,1
6612,0,0,0,0,0,0,0,1,0,1
6613,0,0,0,0,0,0,0,1,0,0
6614,0,0,0,0,0,0,0,0,0,0
6615,0,0,0,0,0,0,0,1,0,0
6701,0,1,0,0,0,0,0,1,0,0
6702,0,0,1,0,0,0,0,0,0,0
6703,0,0,0,0,0,0,0,0,0,0
6704,0,0,0,0,0,0,0,0,0,0
6705,0,0,0,0,0,0,0,0,0,0
6706,0,0,0,0,0,0,0,0,0,0
6707,0,0,0,0,0,0,0,0,0,0
6708,0,0,0,0,0,0,0,1,0,0
6710,0,0,0,0,0,0,0,0,0,0
6712,0,0,0,0,0,0,0,0,0,0
6714,0,0,0,0,0,0,0,1,1,0
6715,0,0,0,0,0,0,0,1,0,0
6801,0,0,0,0,0,0,0,0,0,0
6802,0,0,0,0,0,0,0,0,0,0
6803,0,0,0,0,0,0,0,1,0,0
6804,0,0,0,0,0,0,0,1,1,0
6805,0,0,0,0,0,0,0,1,0,0
6806,,0,0,0,0,0,0,0,0,0
6807,0,0,0,0,0,0,0,0,0,0
6808,0,0,0,0,0,0,0,0,0,0
6809,0,0,0,0,0,0,0,0,0,0
6810,,0,0,0,0,0,0,1,0,0
6811,0,0,0,0,0,0,0,0,0,0
6812,0,1,0,0,0,0,1,1,0,0
6813,0,0,0,0,0,0,0,1,0,0
6814,0,0,1,0,0,0,0,1,0,0
6815,0,0,0,0,0,0,0,1,0,0
6901,0,0,0,1,0,0,0,1,0,0
6902,0,0,0,0,0,0,0,1,0,0
6904,0,0,0,0,0,0,0,0,0,0
6905,0,0,0,0,0,0,0,0,1,0
6906,0,0,0,0,0,0,0,1,1,0
6907,0,0,0,0,0,0,0,0,0,0
6908,0,1,0,0,0,0,0,0,0,0
6909,0,0,0,0,0,0,0,0,0,0
6911,0,0,0,0,0,0,0,1,1,0
6913,0,0,0,0,0,0,0,1,0,0
6914,0,0,0,0,0,0,0,0,0,0
6915,0,0,0,0,0,0,0,1,0,0
7001,0,0,0,0,0,0,0,0,0,0
7002,0,0,1,0,0,0,0,0,0,0
7003,,,0,0,0,0,0,0,0,0
7004,,0,0,0,0,0,0,1,0,1
7005,0,,0,0,0,0,0,0,0,0
7006,0,0,0,0,0,0,0,1,0,0
7007,0,0,0,0,0,0,0,0,1,0
7008,1,0,1,0,0,0,0,0,0,0
7009,0,0,0,0,0,0,0,1,0,0
7012,0,0,0,0,0,0,0,0,0,0
7013,0,0,0,0,0,0,0,0,0,0
7014,0,0,0,0,0,0,0,0,0,0
7015,0,0,0,0,0,0,0,0,0,0
7102,0,0,0,0,0,0,0,0,0,0
7104,0,,0,0,0,0,0,0,0,0
7105,0,0,0,0,0,0,0,0,0,0
7106,0,0,0,0,0,0,0,0,0,0
7107,0,0,0,0,0,0,0,1,0,0
7109,,0,0,0,0,0,0,0,0,0
7110,0,0,0,0,0,0,0,0,0,0
7111,0,0,0,0,0,0,0,1,1,0
7112,0,0,0,0,0,0,0,0,0,0
7113,0,0,0,0,0,0,0,1,0,0
7114,0,0,0,0,0,0,0,0,1,0
7115,0,0,1,0,0,0,0,0,0,0
7202,0,0,0,0,0,0,0,1,0,0
7203,0,0,0,0,0,0,0,0,0,0
7204,0,0,0,0,0,0,0,1,0,0
7206,0,0,0,0,0,0,0,0,0,0
7207,0,0,0,0,0,0,0,0,0,0
7208,0,0,0,0,0,0,0,0,1,0
7209,0,0,0,0,0,0,0,0,0,0
7211,0,0,0,0,0,0,0,0,0,0
7212,0,0,0,0,0,0,0,0,0,0
7213,0,0,0,0,0,0,0,0,0,0
7214,0,0,0,0,0,0,0,0,0,0
7215,0,0,0,0,0,0,0,1,0,0
7301,0,0,0,0,0,0,0,0,1,0
7302,0,1,0,0,0,0,0,0,0,0
7303,0,0,1,0,0,0,0,1,0,0
7304,0,0,0,0,0,0,0,1,0,0
7305,0,0,0,0,0,0,0,0,1,0
7306,0,1,0,0,0,0,0,0,0,0
7307,0,0,0,0,0,0,0,0,0,0
7308,0,0,0,0,0,0,0,0,0,0
7309,1,0,1,0,0,0,1,1,0,0
7310,0,0,0,0,0,0,0,1,1,0
7312,0,0,0,0,0,0,0,1,0,0
7313,0,0,0,0,0,0,0,1,0,0
7314,0,0,0,0,0,0,0,1,1,0
7315,0,0,0,0,0,0,0,1,1,0
7402,0,0,0,0,0,0,0,0,0,1
7403,0,0,0,0,0,0,0,0,0,0
7404,0,0,0,0,0,0,0,0,0,0
7405,0,0,0,0,0,0,0,0,0,0
7406,0,0,0,0,0,0,0,1,0,0
7407,0,0,0,0,0,0,0,1,0,0
7409,1,0,0,0,0,0,0,0,0,0
7410,0,0,0,0,0,0,0,0,0,0
7411,0,0,0,0,0,0,0,0,0,0
7412,0,0,0,0,0,0,0,1,0,0
7413,0,0,0,0,0,0,1,1,1,1
7414,0,0,0,0,0,0,0,0,0,0
7501,0,0,0,0,0,0,0,0,0,0
7502,0,0,0,0,0,0,0,1,0,0
7503,0,0,0,0,0,0,0,0,0,0
7504,0,0,0,0,0,0,0,0,0,0
7505,0,0,0,0,0,0,0,1,0,0
7506,0,0,0,0,0,0,0,1,0,0
7507,0,0,0,0,0,0,0,0,0,0
7508,0,0,0,0,0,0,0,0,0,0
7509,0,0,0,0,0,0,0,1,0,0
7510,,,0,0,0,0,0,1,0,0
7511,0,0,0,0,0,0,0,1,0,0
7512,0,0,0,0,0,0,0,0,0,0
7513,0,0,0,0,0,0,0,0,0,0
7514,0,0,0,0,0,0,0,0,0,0
7515,0,0,0,0,0,0,0,1,0,0
7601,0,0,1,0,0,0,0,0,0,0
7602,0,0,0,0,0,0,0,0,0,0
7603,,0,0,0,0,0,0,1,0,0
7604,0,0,0,0,0,0,0,0,1,0
7605,0,0,0,0,0,0,0,0,0,0
7606,0,0,0,0,0,0,0,1,0,0
7607,0,0,0,0,0,0,0,0,0,0
7608,0,0,0,0,0,0,0,0,0,0
7609,0,0,0,0,0,0,0,0,0,0
7610,0,0,0,0,0,0,0,0,1,0
7611,0,0,0,0,0,0,0,1,0,0
7613,0,0,0,0,0,0,0,0,0,0
7614,0,0,0,0,0,0,0,1,1,0
7615,0,0,0,0,0,0,0,1,0,0
7701,0,0,0,0,0,0,0,0,0,0
7702,0,0,0,0,0,0,0,0,0,0
7703,0,0,0,0,0,0,0,0,0,0
7704,0,0,0,0,0,0,0,0,0,0
7705,0,0,0,0,0,0,0,0,0,0
7706,0,1,0,0,0,0,0,0,0,0
7707,0,0,0,0,0,0,0,0,0,0
7708,0,0,0,0,0,0,0,0,0,0
7709,0,0,0,0,0,0,0,0,0,0
7711,0,0,0,0,0,0,0,0,0,0
7712,0,0,0,0,0,0,0,0,0,0
7713,0,,0,0,0,0,0,0,0,0
7714,0,0,0,0,0,0,0,1,0,0
7715,0,0,0,0,0,0,0,1,0,0
7801,0,0,0,0,0,0,0,0,0,0
7802,0,0,0,0,0,0,0,0,0,0
7803,0,0,0,0,0,0,0,1,1,0
7804,1,0,0,0,0,0,0,1,0,1
7805,0,0,0,0,0,0,0,1,0,0
7806,0,0,0,0,0,0,0,0,0,0
7807,0,0,0,0,0,0,0,0,0,0
7808,0,0,0,0,0,0,0,0,0,0
7810,0,0,0,0,0,0,0,1,0,0
7811,0,0,0,0,0,0,0,0,0,0
7812,0,0,0,0,0,0,0,1,0,0
7813,0,0,0,0,0,0,0,0,0,0
7814,0,0,0,0,0,0,0,0,0,0
7815,,,0,0,0,0,0,0,0,0
7901,0,0,0,0,0,0,0,1,0,0
7902,0,0,0,0,0,0,0,1,0,0
7903,0,0,0,0,0,0,0,1,0,0
7904,0,0,0,0,0,0,1,1,0,0
7905,0,0,1,0,0,0,0,0,0,0
7906,0,0,0,0,0,0,0,1,0,0
7907,0,0,0,0,0,0,0,1,0,0
7909,0,0,0,0,0,0,0,1,0,0
7910,0,0,1,0,0,0,0,0,0,0
7911,0,0,0,0,0,0,0,1,0,0
7912,0,0,0,0,0,0,0,0,0,0
7913,0,0,0,0,0,0,0,1,0,0
7914,0,0,0,0,0,0,0,0,0,0
7915,0,1,1,0,0,0,0,1,0,0
8001,0,0,0,0,0,0,0,0,0,0
8002,0,1,0,0,0,0,0,0,0,0
8003,0,0,0,0,0,0,0,0,0,0
8004,0,0,0,0,0,0,0,0,0,0
8007,0,0,0,0,0,0,0,1,1,0
8008,0,0,0,0,0,0,0,0,0,0
8009,0,0,0,0,0,0,0,0,0,0
8010,0,0,0,0,0,0,0,1,0,0
8011,0,0,0,0,0,0,0,1,0,0
8012,0,0,1,0,0,0,0,0,0,0
8013,0,0,0,0,0,0,0,1,0,1
8014,0,1,0,0,0,0,0,0,0,0
8101,0,0,0,0,0,0,0,0,0,0
8102,0,0,0,0,0,0,0,1,0,0
8103,0,0,0,0,0,0,0,0,0,0
8104,0,0,0,0,0,0,0,0,0,0
8105,0,0,0,0,0,0,0,1,0,0
8106,0,0,0,0,0,0,0,1,1,0
8108,0,0,0,0,0,0,0,1,0,0
8109,0,0,0,0,0,0,0,0,0,0
8110,0,0,0,0,0,0,0,0,0,0
8111,0,0,0,0,0,0,0,1,0,0
8112,,,0,0,0,0,0,0,0,0
8114,0,0,0,0,0,0,0,0,0,0
8115,0,0,0,0,0,0,0,1,0,0
8201,0,0,0,0,0,0,0,1,0,0
8202,0,0,0,0,0,0,0,0,0,0
8203,0,0,0,0,0,0,0,1,1,0
8204,0,0,0,0,0,0,0,1,0,0
8205,0,0,0,0,0,0,0,1,1,0
8207,0,0,0,0,0,0,0,1,1,0
8208,0,0,1,0,0,0,0,1,0,0
8209,0,0,0,0,0,0,0,0,0,0
8211,0,0,0,0,0,0,0,0,1,0
8212,0,0,0,0,0,0,0,1,1,0
8213,0,0,0,0,0,0,0,1,1,0
8214,0,0,0,0,0,0,0,1,1,0
8215,0,0,0,0,1,0,0,1,1,0
8216,0,0,0,0,0,0,0,1,1,0
8217,0,0,0,0,0,0,0,1,1,0
8218,0,0,0,0,0,0,0,1,1,0
8219,0,0,0,0,0,0,0,1,1,0
8220,0,,0,0,1,0,0,1,1,1
8301,0,0,0,0,0,0,0,1,0,0
8302,0,0,0,0,0,0,0,1,1,0
8303,0,0,1,0,0,0,1,1,1,0
8304,0,1,0,0,0,0,1,1,1,0
8305,0,0,1,0,0,0,1,1,1,0
8306,0,0,1,0,0,0,0,1,1,1
8307,0,0,0,0,0,0,0,1,1,0
8308,0,0,0,0,0,0,0,0,1,0
8310,0,0,0,0,0,0,0,1,1,0
8311,0,0,0,0,0,0,0,1,1,0
8312,0,0,0,0,1,0,1,1,1,1
8313,0,0,0,0,0,0,1,1,1,0
8314,0,0,0,0,0,0,0,1,1,1
8316,0,0,0,0,0,0,0,0,1,0
8319,0,0,0,1,0,0,0,1,0,0
8320,0,0,0,0,0,0,0,0,0,0
8401,0,0,0,0,0,0,0,1,1,0
8403,0,0,1,0,0,0,0,1,1,0
8404,0,0,0,0,0,0,0,1,1,0
8405,0,0,0,0,0,0,0,1,0,0
8407,0,0,1,0,0,0,1,1,1,0
8408,0,0,0,0,0,0,0,1,1,0
8409,0,0,0,0,0,0,0,0,0,0
8412,0,0,0,0,0,0,0,1,1,0
8413,0,,0,0,0,0,0,0,0,0
8414,0,1,0,0,0,0,0,1,1,0
8415,0,0,0,0,0,0,1,0,0,0
8416,0,0,0,0,0,0,0,0,0,0
8417,0,0,0,0,0,0,0,0,0,0
8418,0,0,0,0,0,0,0,1,1,0
8419,1,0,1,0,0,0,0,1,1,0
8420,0,0,0,0,0,0,0,0,1,0
8501,0,0,0,0,0,0,0,0,1,0
8502,0,0,0,0,0,0,0,1,0,0
8504,0,0,0,0,0,0,0,0,0,0
8505,0,0,0,0,0,0,0,0,1,0
8506,0,0,0,0,0,0,0,1,0,0
8507,0,0,0,0,0,0,0,0,0,0
8508,0,0,0,0,0,0,0,1,0,0
8509,0,0,0,0,0,0,0,0,0,0
8510,0,0,0,0,0,0,0,0,1,0
8511,0,0,0,0,0,0,0,0,1,0
8513,0,0,0,0,0,0,0,0,0,0
8514,0,0,0,0,0,0,0,0,0,0
8515,0,0,0,0,0,0,0,0,0,0
8516,0,0,0,0,0,0,0,1,1,0
8517,0,0,0,0,0,0,0,1,1,1
8518,0,0,0,0,0,0,0,1,0,0
8519,0,0,0,0,0,0,0,0,0,0
8520,0,0,0,0,0,0,0,0,0,0
8601,0,0,0,0,0,0,0,0,0,0
8602,0,1,1,0,0,0,1,1,1,0
8603,0,0,0,0,0,0,0,0,1,0
8604,0,0,1,0,0,0,0,1,1,0
8605,0,0,0,0,0,0,0,0,0,0
8606,0,0,1,0,0,1,0,1,1,0
8607,0,0,0,0,0,0,1,1,0,0
8608,0,0,0,0,0,0,0,1,1,0
8609,0,1,1,0,0,0,0,0,1,0
8610,0,0,1,0,0,0,0,0,1,0
8611,0,0,0,0,0,0,0,1,1,0
8612,0,0,0,0,0,0,1,1,1,0
8613,1,0,1,0,0,0,1,1,1,0
8614,0,1,0,0,0,0,0,1,1,0
8616,0,0,0,0,0,0,0,1,1,0
8617,0,0,0,0,0,0,0,1,1,0
8618,0,0,0,0,0,0,0,0,1,0
8619,0,0,0,0,0,0,0,1,1,0
8620,0,0,0,0,0,1,0,1,1,0
8701,0,0,0,0,0,0,0,1,1,0
8702,1,0,0,0,0,0,1,1,1,1
8703,0,0,0,0,0,0,0,1,1,0
8704,0,0,0,0,0,0,0,0,1,0
8705,0,0,0,0,0,0,0,1,0,0
8706,0,0,0,0,0,0,0,1,1,0
8707,0,0,1,0,0,0,0,0,0,0
8708,0,0,0,0,0,0,1,1,0,0
8709,0,0,1,0,0,0,0,1,1,0
8711,0,0,0,0,0,0,0,0,0,0
8712,0,1,0,0,0,0,0,1,0,0
8713,0,0,0,0,0,0,0,1,1,0
8714,0,0,0,0,0,0,0,1,0,0
8715,0,0,0,0,0,0,0,0,0,0
8716,0,0,0,0,0,0,0,1,1,0
8717,0,0,0,0,0,0,0,1,0,0
8718,0,0,0,0,0,0,0,1,1,0
8719,0,0,0,0,0,0,0,1,1,0
8720,0,0,0,0,0,0,0,0,0,0
8801,0,0,1,1,0,0,0,0,0,0
8802,0,0,0,0,0,0,0,0,0,0
8803,1,0,0,0,0,0,0,1,1,0
8805,0,0,0,0,0,0,0,0,0,0
8806,0,0,0,0,0,0,0,0,0,0
8807,0,0,1,0,0,0,0,0,1,0
8808,0,0,0,0,0,0,0,1,1,0
8809,0,0,0,0,0,0,0,0,0,0
8810,0,0,0,0,0,0,0,1,1,0
8811,0,0,0,0,0,0,0,1,1,1
8812,0,0,0,0,0,0,0,0,1,0
8813,0,0,0,0,0,0,0,1,1,0
8814,0,0,0,0,0,0,0,0,0,0
8815,0,0,1,0,0,0,0,1,1,0
8816,0,0,0,0,0,0,0,1,0,0
8817,0,0,0,0,0,0,0,1,1,0
8818,0,0,0,0,0,0,0,0,1,0
8819,0,0,0,0,0,0,0,1,1,0
8820,0,0,0,0,0,0,0,0,1,0
8901,0,0,0,0,0,0,0,0,0,0
8902,0,0,0,0,0,0,0,1,0,0
8903,0,0,0,0,0,0,0,1,0,0
8904,,0,0,0,0,0,0,0,0,0
8907,,0,0,0,0,0,0,0,0,0
8909,0,,0,0,0,0,0,0,0,0
8910,0,0,0,0,0,0,0,0,0,0
8911,0,0,0,0,0,0,0,1,1,0
8912,0,0,0,0,0,0,0,1,1,0
8913,0,0,0,0,0,0,0,1,0,0
8914,0,0,0,0,0,0,0,0,0,0
8915,0,0,0,0,0,0,0,1,0,0
8916,0,0,0,0,0,0,0,1,1,0
8917,0,,0,0,0,1,0,1,1,1
8920,0,0,0,0,0,0,1,0,0,0
9001,0,0,0,0,0,0,0,0,0,0
9002,0,0,0,0,0,0,0,1,0,0
9003,0,0,0,0,0,0,0,0,0,0
9005,0,0,1,0,0,0,0,0,0,0
9006,0,0,0,0,0,0,0,0,0,0
9007,0,0,0,0,0,0,0,0,1,0
9008,0,0,0,0,0,0,0,0,0,0
9009,0,0,0,0,0,0,0,0,0,0
9010,0,0,0,0,0,0,0,0,1,0
9011,0,0,0,0,0,0,0,0,0,0
9012,0,0,0,0,0,0,0,0,1,0
9013,0,0,0,0,0,0,0,0,0,0
9015,0,0,0,0,0,0,0,0,1,0
9016,0,1,0,0,0,0,0,0,0,0
9017,0,0,0,0,0,0,0,0,0,0
9018,0,,0,0,0,0,0,0,0,0
9019,0,0,0,0,0,0,0,0,1,0
9101,0,0,0,0,0,0,0,0,0,0
9102,0,1,0,0,0,0,0,1,1,1
9103,0,0,0,0,0,0,0,0,0,0
9104,0,0,0,0,0,0,0,0,1,0
9105,0,0,1,0,0,0,0,0,1,0
9106,0,0,0,0,0,0,0,0,0,0
9107,0,0,0,0,0,0,0,0,0,0
9108,0,0,0,0,0,0,0,0,1,0
9109,0,0,0,0,0,0,0,1,0,0
9110,0,1,0,0,0,0,0,0,1,0
9111,0,0,0,0,0,0,0,0,1,0
9112,0,0,0,0,0,0,0,0,1,0
9113,0,0,0,0,0,0,0,0,1,0
9114,0,0,0,0,0,0,0,1,0,0
9115,0,0,0,0,0,0,0,1,0,0
9116,0,0,0,0,0,0,0,1,1,1
9117,0,1,1,0,0,0,0,0,1,0
9118,0,0,0,0,0,0,0,0,0,0
9119,0,0,0,0,0,0,0,1,1,0
9120,0,1,1,0,0,0,0,1,1,0
9201,0,0,0,0,0,0,0,0,0,0
9202,0,0,0,0,0,0,0,1,0,0
9203,0,0,0,0,0,0,0,1,0,0
9204,0,0,0,0,0,0,0,0,1,0
9205,0,0,0,0,0,0,0,1,1,0
9206,0,0,0,0,0,0,0,0,0,0
9207,0,0,0,0,0,0,0,0,0,0
9208,0,0,0,0,0,0,0,1,0,0
9209,0,0,0,0,0,0,0,0,0,0
9210,0,0,0,0,0,0,0,0,0,0
9211,0,0,0,0,0,0,0,0,0,0
9213,0,0,0,0,0,0,0,0,0,0
9214,0,0,0,0,0,0,0,1,0,0
9215,0,0,0,0,0,0,0,0,0,0
9216,0,0,0,0,0,0,0,0,0,0
9217,0,0,0,0,0,0,0,1,0,0
9218,0,0,0,0,0,0,0,1,0,0
9219,0,0,0,0,0,0,0,0,0,0
9220,0,0,0,0,0,0,0,1,0,1
9301,1,1,0,0,0,0,1,1,1,1
9302,0,0,0,0,0,0,0,0,1,0
9303,0,0,0,0,0,0,0,1,1,0
9304,0,0,0,0,0,0,0,1,0,0
9305,0,0,0,0,0,0,0,0,0,0
9306,0,0,1,0,0,0,0,1,1,0
9307,0,0,0,0,0,0,0,0,1,0
9308,0,0,0,0,0,0,0,1,1,0
9309,0,0,1,0,0,0,0,0,0,0
9310,0,0,0,0,0,0,0,0,0,0
9311,0,0,0,0,0,0,0,1,0,0
9312,0,0,0,0,0,0,0,0,0,0
9313,0,0,0,0,0,0,0,1,0,0
9315,0,0,0,0,0,0,0,1,0,0
9316,0,0,0,0,0,0,0,0,1,0
9317,0,1,0,0,0,0,0,1,1,0
9318,0,0,1,0,0,0,0,0,0,0
9319,0,0,0,,0,0,0,0,0,0
9320,0,0,0,0,0,0,0,1,0,0
9401,0,0,0,0,0,0,0,1,0,0
9402,0,0,0,0,0,0,0,1,0,0
9403,0,0,0,0,0,0,0,0,1,0
9404,0,0,0,0,0,0,0,0,1,0
9405,0,0,0,0,0,0,0,0,0,0
9406,0,0,0,0,0,0,0,1,0,0
9407,,0,0,0,0,0,0,0,0,0
9408,0,0,0,0,0,0,0,0,0,0
9409,0,0,0,0,0,0,0,0,0,0
9410,0,0,0,0,0,0,0,0,0,0
9411,0,0,0,0,0,0,0,0,0,0
9412,1,0,1,0,0,0,0,1,0,0
9413,0,0,0,0,0,0,0,0,1,0
9414,0,0,0,0,0,0,0,0,0,0
9415,0,0,0,1,0,0,0,1,0,0
9416,0,0,0,0,0,0,0,1,0,0
9418,0,0,0,0,0,0,0,0,0,0
9419,0,0,0,0,0,0,0,0,0,0
9501,0,0,0,0,0,0,0,0,0,0
9502,0,0,0,0,0,0,0,1,0,0
9503,0,0,0,0,0,0,0,1,0,0
9504,0,0,0,0,0,0,0,1,0,0
9505,0,0,0,0,0,0,0,0,0,0
9506,0,0,0,0,0,0,0,0,0,0
9507,0,0,0,0,0,0,0,0,0,0
9508,0,0,0,0,0,0,0,1,0,0
9509,0,0,1,0,0,0,0,0,1,0
9510,0,0,0,0,0,0,0,0,0,0
9511,0,1,1,0,0,0,0,1,0,0
9512,0,0,0,0,0,0,0,1,1,0
9513,0,0,0,0,0,0,0,0,1,0
9514,0,0,0,0,0,0,0,0,0,0
9515,0,0,0,0,0,0,0,1,0,0
9516,0,0,0,0,0,0,0,0,0,0
9517,0,0,0,0,0,0,0,0,0,0
9518,0,0,0,0,0,0,0,1,0,0
9519,0,0,0,0,0,0,0,0,0,0
9520,0,0,0,0,0,0,0,1,0,0
9601,0,0,0,0,0,0,0,0,0,0
9602,0,0,0,0,0,0,0,0,0,0
9603,0,0,0,0,0,0,0,1,0,0
9604,0,0,0,0,0,0,0,1,0,0
9605,0,0,0,0,0,0,0,0,0,0
9606,0,1,0,0,0,0,0,0,0,0
9607,0,0,0,0,0,0,0,1,1,0
9608,0,0,0,0,0,0,0,0,0,0
9609,,0,0,0,0,0,0,0,0,0
9610,0,1,0,0,0,0,0,0,1,0
9611,0,0,0,0,0,0,0,0,0,0
9612,0,0,0,0,0,0,0,0,0,0
9613,0,0,0,0,0,0,0,0,1,0
9614,0,0,0,0,0,0,0,0,0,0
9616,0,0,0,0,0,0,0,0,0,0
9617,0,0,0,0,0,0,0,1,0,0
9618,0,0,0,0,0,0,0,0,0,0
9619,0,0,0,0,0,0,0,0,0,0
9620,0,0,0,0,0,0,0,0,0,0
9701,0,0,0,0,0,0,0,1,0,0
9702,0,0,0,0,0,0,0,0,1,0
9703,0,0,1,0,0,0,0,0,1,0
9704,0,0,0,0,0,0,0,0,0,0
9705,,0,0,0,0,0,0,1,0,0
9706,0,0,0,0,0,0,0,0,0,0
9707,0,0,0,0,0,0,0,1,1,1
9708,0,0,0,0,0,0,0,0,0,0
9710,0,0,1,0,0,0,0,1,1,0
9711,0,0,0,0,0,0,0,1,0,0
9712,0,0,0,0,0,0,0,1,0,0
9713,0,0,0,0,0,0,0,1,0,0
9714,0,1,0,0,1,1,0,1,1,1
9715,0,0,0,0,0,0,0,1,1,0
9716,0,0,0,0,0,0,1,1,0,0
9717,0,0,0,0,0,0,0,1,1,0
9718,0,0,0,0,0,0,0,0,0,0
9719,0,0,0,0,0,0,0,0,0,0
9801,0,0,0,0,0,0,0,1,0,0
9802,0,0,1,0,0,0,0,0,0,0
9804,0,0,0,0,0,0,0,1,0,0
9805,0,0,0,0,0,0,0,0,0,0
9806,0,0,0,0,0,0,0,0,0,0
9807,0,0,0,0,0,0,0,0,0,1
9808,0,0,0,0,0,0,0,0,0,0
9809,0,0,0,0,0,0,0,1,0,0
9811,0,0,0,0,0,0,0,0,0,0
9812,0,0,0,0,0,0,0,0,0,0
9813,0,0,1,0,0,0,0,1,1,0
9815,0,0,0,0,0,0,0,0,0,0
9816,1,0,0,0,0,0,0,1,0,0
9817,0,0,0,0,0,0,0,0,1,0
9818,0,0,0,0,0,0,0,1,0,0
9819,0,0,1,0,0,0,0,1,0,0
9820,0,0,0,0,0,0,0,0,0,0
9902,0,0,0,0,0,0,0,1,1,0
9903,0,0,0,0,0,0,0,1,0,0
9904,0,0,1,0,0,0,0,1,0,0
9905,0,1,0,0,0,0,0,1,0,0
9906,0,0,0,0,0,0,0,1,1,1
9907,0,0,0,0,0,0,0,1,0,1
9908,0,0,0,0,0,0,1,1,1,1
9909,0,0,0,0,0,0,0,0,1,0
9910,0,0,0,0,0,0,0,1,0,0
9911,,0,0,0,0,0,0,0,0,0
9912,0,1,1,0,0,0,0,1,0,0
9913,0,0,0,0,0,0,0,1,0,0
9914,0,0,0,0,0,0,0,1,0,0
9915,0,1,0,0,0,0,0,0,0,0
9916,1,0,0,0,0,0,0,1,1,0
9917,0,0,0,0,0,0,0,1,0,0
9918,0,0,1,0,0,0,0,1,1,0
9919,0,0,0,0,0,0,0,0,0,0
9920,0,0,0,0,0,0,0,0,0,0
10001,0,0,0,0,0,0,0,0,0,0
10002,0,0,0,0,0,0,0,1,0,0
10003,0,0,0,0,0,0,0,1,0,0
10004,0,0,0,0,0,0,0,0,0,0
10005,0,0,1,0,0,0,0,0,0,0
10006,0,0,0,0,0,0,0,0,0,0
10007,0,0,0,0,0,0,0,0,0,0
10008,0,0,1,0,0,0,0,0,0,0
10009,0,0,0,0,0,0,0,0,0,0
10010,0,0,0,0,0,0,0,0,0,0
10011,0,0,0,0,0,0,0,0,0,0
10012,0,0,0,0,0,0,0,0,0,0
10013,0,0,0,0,0,0,0,0,0,0
10014,0,0,0,0,0,0,0,0,0,0
10015,0,0,0,0,0,0,0,0,0,0
10016,0,0,0,0,0,0,0,1,0,0
10017,,0,0,0,0,0,0,1,0,0
10018,0,0,0,0,0,0,0,0,0,0
10019,0,0,0,0,0,0,0,1,1,0
10020,0,0,0,0,0,0,0,0,0,0
10101,0,1,0,0,0,0,0,1,0,0
10102,0,0,0,0,0,0,0,1,1,0
10103,1,0,0,0,0,0,1,1,1,0
10104,0,0,0,0,0,0,0,1,1,0
10105,0,0,0,0,0,0,0,1,1,0
10106,0,0,0,0,0,0,0,1,0,0
10108,0,0,0,0,0,0,0,0,0,0
10109,0,0,0,0,0,0,0,1,0,1
10110,0,0,0,0,0,0,0,1,1,1
10111,0,0,0,0,0,0,0,1,1,0
10112,0,0,0,0,0,0,1,1,1,0
10115,0,0,0,0,0,0,0,1,1,0
10116,0,0,0,0,0,0,0,1,1,0
10117,0,0,0,0,0,0,0,0,1,0
10118,0,0,0,0,0,0,0,0,1,0
10119,0,0,0,0,0,0,0,1,1,0
10120,0,0,0,0,0,0,0,1,1,0
10201,0,0,0,0,0,0,0,0,0,0
10202,0,0,0,0,0,0,0,0,0,0
10203,0,0,0,0,0,0,0,1,0,0
10204,0,0,0,0,0,0,0,0,0,0
10205,0,0,0,0,0,0,0,0,0,0
10209,0,0,0,0,0,0,0,1,1,0
10210,0,0,0,0,0,0,0,1,1,1
10211,0,0,0,0,0,0,0,1,0,0
10212,0,0,0,0,0,0,0,1,0,0
10215,0,0,1,0,0,0,0,0,0,0
10216,0,0,0,1,0,0,0,0,0,0
10217,0,1,0,0,0,0,0,1,0,0
10219,0,0,0,0,0,0,0,1,0,0
10220,0,0,0,0,0,0,0,0,0,0
10301,0,0,0,0,0,0,1,1,1,0
10302,0,0,0,0,0,0,1,1,1,0
10304,0,0,0,0,0,1,0,1,1,0
10305,0,,0,0,0,0,1,1,1,0
10306,0,0,0,0,0,0,0,1,1,0
10307,0,0,0,0,0,0,0,1,1,0
10309,0,0,0,0,0,0,0,1,0,0
10310,0,1,1,0,0,0,0,1,1,0
10311,0,0,0,0,0,0,0,1,0,0
10312,0,0,0,0,0,1,0,1,1,0
10313,0,1,0,0,0,0,0,1,1,1
10314,0,0,0,0,0,0,1,1,1,1
10315,0,0,0,0,0,0,0,1,0,0
10316,0,0,0,0,0,0,0,1,1,0
10317,0,1,0,0,0,0,0,1,1,0
10318,0,0,0,0,0,0,0,1,0,0
10319,0,0,0,0,0,0,0,1,1,1
10320,0,0,0,0,0,0,0,1,1,0
10401,0,1,0,0,0,0,0,1,0,0
10402,0,0,0,0,0,0,0,1,0,0
10403,0,0,0,0,0,0,0,0,0,0
10404,0,0,0,0,0,0,0,1,0,0
10405,0,0,1,0,0,0,1,1,1,1
10406,0,0,1,0,0,0,1,1,0,1
10407,0,0,0,0,1,1,0,1,1,0
10408,0,0,0,0,0,0,0,1,0,0
10409,0,1,1,0,0,0,0,1,1,0
10410,0,0,0,0,0,0,0,1,0,0
10411,0,0,0,0,0,0,0,1,1,0
10412,0,0,0,0,0,0,0,0,0,0
10414,0,0,0,0,0,0,0,1,0,1
10415,0,0,0,0,0,0,0,1,1,0
10417,0,0,0,0,0,1,0,0,1,0
10418,0,0,0,0,0,0,0,1,1,0
10419,0,0,0,0,0,0,0,1,1,0
10501,0,0,0,0,0,0,0,1,0,0
10502,0,0,0,0,0,0,0,0,0,0
10503,0,0,0,0,0,0,0,0,0,0
10504,0,0,0,0,0,0,0,0,1,0
10505,0,0,0,0,0,0,0,1,0,0
10506,0,0,0,0,0,0,0,1,0,0
10507,0,0,0,0,0,0,0,1,1,0
10508,0,0,0,0,0,0,0,0,1,0
10509,0,1,0,0,0,0,0,0,0,0
10510,0,0,0,0,0,0,0,1,1,0
10511,0,0,0,0,0,0,0,0,0,0
10513,0,0,0,0,0,0,1,1,1,0
10514,0,0,0,0,0,0,0,1,0,0
10515,,,0,0,0,0,0,1,0,0
10516,0,0,0,0,0,0,0,1,1,0
10517,0,0,0,0,0,0,0,1,1,0
10518,0,0,0,0,0,1,0,1,1,0
10519,0,0,0,0,0,0,0,1,1,1
10601,0,0,0,0,0,0,0,0,0,0
10602,0,0,0,0,0,0,0,0,0,0
10603,0,0,0,0,0,0,0,0,0,0
10604,0,0,0,0,0,0,0,1,0,0
10605,0,0,0,0,0,0,0,0,0,0
10606,0,0,0,0,0,0,0,0,0,0
10607,0,0,0,0,0,0,0,1,0,0
10608,0,1,0,0,0,0,0,1,0,0
10609,0,0,0,0,0,0,0,0,0,0
10610,0,0,1,0,0,0,0,0,0,0
10611,0,0,0,0,0,0,0,1,0,0
10612,0,0,0,0,0,0,0,1,1,0
10613,0,0,0,0,0,0,0,1,1,0
10614,0,1,0,0,0,0,0,1,1,0
10615,0,0,0,0,0,0,0,0,0,0
10616,0,0,0,0,0,0,0,1,1,0
10617,0,0,0,0,0,0,1,0,1,0
10618,0,0,0,0,0,0,0,0,0,0
10619,0,0,0,0,0,0,0,1,1,0
10620,0,0,1,0,0,0,0,1,1,0
10701,0,0,0,0,0,0,0,0,1,0
10702,0,0,0,0,0,0,0,1,0,0
10703,,0,1,0,0,0,0,1,1,0
10705,0,0,0,0,1,0,0,1,1,1
10706,0,0,0,0,0,0,0,1,1,1
10708,0,0,0,0,0,0,0,1,1,0
10709,0,0,0,0,0,0,0,1,0,0
10710,0,0,0,0,1,0,1,1,1,1
10711,0,0,1,0,1,0,0,1,1,0
10712,0,0,0,0,0,0,0,1,1,0
10713,0,0,0,0,0,1,0,1,0,0
10714,0,0,0,0,0,0,0,1,1,0
10715,0,,0,0,0,0,0,1,1,0
10716,0,0,0,0,0,0,0,1,1,0
10717,0,0,0,0,0,0,0,1,1,0
10718,0,0,0,0,0,0,0,1,1,0
10719,0,0,0,0,1,1,1,1,1,1
10720,0,0,0,0,0,0,0,1,1,0
10801,0,0,0,0,0,0,0,0,0,0
10802,0,0,0,0,0,0,0,0,0,0
10803,0,0,0,0,0,0,0,0,0,0
10804,0,0,0,0,0,0,1,0,1,1
10805,0,0,0,0,0,0,0,0,0,0
10807,0,0,0,0,0,0,0,0,0,0
10808,0,0,0,0,0,0,0,0,0,0
10809,0,0,0,0,0,0,0,0,0,0
10810,0,0,0,0,0,0,0,0,0,0
10811,0,0,0,0,0,0,0,0,0,0
10812,1,0,0,0,0,0,0,1,0,0
10813,0,0,0,0,0,0,0,0,0,0
10814,0,0,0,0,0,0,1,0,0,0
10815,0,0,0,0,0,0,0,0,0,0
10816,0,0,0,0,0,0,0,1,1,0
10817,0,,0,0,0,0,1,0,0,0
10818,0,0,0,0,0,0,0,0,0,0
10819,0,0,0,0,0,0,0,0,0,0
10820,0,0,0,0,0,0,0,0,0,0
10901,0,0,0,0,0,0,0,0,1,0
10902,0,0,1,0,0,0,0,0,1,0
10903,0,1,0,0,0,0,0,1,0,0
10904,0,0,0,0,0,0,0,1,0,0
10905,0,0,0,0,0,0,0,1,0,0
10906,0,0,0,0,0,0,0,1,0,0
10907,0,0,0,0,0,0,0,0,1,0
10908,1,0,0,0,0,0,1,1,1,0
10909,1,0,0,0,0,0,0,0,1,0
10910,0,0,1,0,0,0,0,1,1,0
10911,0,0,1,0,0,1,0,1,1,1
10912,0,0,0,0,0,0,0,1,1,0
10913,0,0,0,0,0,0,0,1,0,0
10914,0,0,0,0,0,0,0,1,1,0
10915,0,0,0,0,0,0,0,1,0,0
10916,0,1,0,0,0,0,0,1,1,0
10917,0,0,1,0,0,0,0,1,1,0
10919,0,0,0,0,0,0,1,1,1,1
11001,0,0,0,0,0,0,0,0,0,0
11003,0,0,0,0,0,0,1,1,1,0
11005,0,0,0,0,0,0,0,1,1,0
11006,0,0,0,0,0,0,0,1,0,1
11007,0,0,1,0,0,0,1,1,1,1
11008,0,0,0,0,0,0,0,0,1,0
11010,0,1,0,0,0,0,0,1,0,0
11011,0,0,0,0,0,0,0,1,1,0
11012,0,0,1,0,0,0,0,1,1,0
11013,,0,0,0,0,0,0,1,1,0
11014,0,0,0,0,0,0,0,1,1,0
11015,0,0,0,0,0,0,0,1,1,0
11016,0,0,0,0,0,0,0,0,1,0
11017,0,1,1,0,0,0,0,1,0,0
11018,0,0,0,0,0,0,0,1,1,0
11019,0,0,0,0,0,0,0,1,0,0
11020,0,0,0,0,1,0,1,1,1,1
11101,0,0,0,0,0,0,0,1,0,0
11102,0,0,0,0,0,0,0,0,0,0
11103,0,0,0,0,0,0,0,0,0,0
11104,0,0,0,0,0,0,0,0,0,0
11105,0,0,0,0,0,0,0,0,1,0
11106,0,0,0,0,0,0,0,1,1,0
11107,0,1,0,0,0,0,0,1,0,0
11108,0,1,0,0,0,0,0,0,0,0
11109,0,0,0,0,0,0,0,1,0,0
11110,0,0,0,0,0,0,0,1,1,0
11111,0,0,1,0,0,0,0,1,1,0
11112,0,0,0,0,0,0,0,1,0,0
11113,0,0,0,0,0,0,0,1,0,0
11114,0,0,0,0,0,0,0,0,1,0
11115,0,0,0,0,0,0,0,1,1,0
11116,0,0,0,0,0,0,0,1,0,0
11117,0,0,0,0,0,0,0,1,0,0
11118,0,0,0,0,0,0,0,1,1,0
11119,0,0,1,0,0,0,1,1,1,1
11201,0,0,0,0,0,0,0,1,1,1
11202,0,0,0,0,0,0,0,1,1,0
11203,0,0,0,0,0,0,0,1,1,0
11205,0,0,1,0,0,0,0,1,1,0
11208,0,0,0,0,0,0,0,1,1,0
11209,0,0,0,0,0,0,0,1,1,0
11210,0,0,0,0,1,0,0,1,1,0
11211,0,0,0,0,0,0,0,0,1,0
11213,0,0,0,0,0,0,0,1,1,0
11214,1,0,0,0,0,0,0,1,1,0
11215,0,0,0,0,0,0,0,0,0,0
11216,0,0,0,0,0,0,0,1,1,0
11217,0,0,0,0,0,0,0,1,1,0
11219,0,0,0,0,0,0,0,1,0,0
11220,0,1,1,0,0,0,0,1,1,0
11301,0,0,0,0,0,0,0,1,0,0
11302,0,0,1,0,0,0,0,0,0,0
11303,0,0,0,0,0,0,0,1,1,0
11304,0,0,0,0,0,0,0,1,0,1
11306,0,0,0,0,0,0,0,1,1,0
11307,0,1,0,0,0,0,0,1,0,0
11308,0,0,0,0,0,0,0,1,0,0
11309,0,0,0,0,0,0,0,1,1,0
11310,0,0,0,0,1,0,0,1,1,1
11311,0,0,0,0,0,0,0,1,1,0
11312,0,0,0,0,0,0,0,1,1,0
11313,0,0,1,0,0,0,0,1,1,0
11314,0,0,0,0,0,0,0,1,1,0
11315,0,0,1,0,0,0,0,1,1,0
11316,0,0,0,0,0,0,0,1,0,0
11317,1,0,0,0,0,0,0,1,1,0
11319,0,,0,0,0,0,0,1,0,0
11401,0,0,0,0,0,0,0,1,1,0
11402,0,0,0,0,0,0,0,0,0,0
11404,0,0,0,0,0,0,0,0,0,0
11405,0,0,1,0,0,0,0,1,0,0
11407,0,0,0,0,0,0,0,0,0,0
11408,0,0,0,0,0,0,0,1,1,0
11409,0,0,0,0,0,0,0,0,0,0
11411,0,0,0,0,0,0,0,0,0,0
11412,0,0,0,0,0,0,0,0,0,0
11413,0,0,0,0,0,0,0,0,0,0
11415,0,0,0,0,0,0,0,0,0,0
11416,0,0,0,0,1,0,1,0,0,0
11418,0,0,0,0,0,0,0,0,1,0
11419,0,0,0,1,1,0,0,0,1,0
11501,0,0,0,0,0,0,0,0,0,0
11502,0,0,0,0,0,0,0,1,0,0
11503,0,0,0,0,0,0,0,0,0,0
11506,0,0,1,0,0,0,0,1,1,0
11508,0,0,0,0,0,0,0,0,0,0
11509,,0,0,0,0,0,0,0,1,0
11510,0,0,0,0,0,0,0,0,0,0
11511,0,,0,0,0,0,0,0,0,0
11514,0,0,0,0,0,0,0,1,0,0
11515,,1,0,0,0,0,0,0,0,0
11517,0,0,1,0,0,0,1,1,1,0
11519,0,0,0,1,0,0,1,0,1,1
11601,0,0,0,0,0,0,0,0,0,0
11602,,0,0,0,0,0,0,0,0,0
11603,0,0,0,0,0,0,0,0,0,0
11604,0,0,0,0,0,0,0,0,0,0
11605,0,0,0,0,0,0,0,0,0,0
11606,0,0,0,0,0,0,0,1,0,0
11607,0,0,0,0,0,0,0,0,0,0
11609,0,0,0,0,0,0,0,0,1,1
11610,0,,0,0,0,0,0,0,0,0
11611,,0,0,0,0,0,0,0,0,0
11612,0,0,0,0,0,0,0,0,0,0
11614,0,0,0,0,0,0,0,0,0,0
11617,0,0,0,0,0,0,0,1,0,0
11618,0,0,0,0,0,0,0,0,0,0
11619,0,0,0,0,0,0,0,0,0,0
11620,0,1,0,0,0,0,0,0,0,0
11702,0,0,0,0,0,0,0,0,0,0
11704,0,0,0,0,0,0,0,0,1,0
11705,,0,0,0,0,0,0,0,0,0
11707,0,0,0,0,0,0,0,0,0,0
11708,0,0,0,0,0,0,0,1,0,0
11709,0,0,0,0,0,0,0,0,0,0
11710,0,0,0,0,0,0,0,0,0,0
11711,0,,0,0,0,0,0,1,0,0
11712,0,0,0,0,0,0,0,1,0,0
11713,0,0,0,0,0,0,0,0,0,0
11715,0,0,0,0,0,0,0,1,0,0
11716,0,0,0,0,0,0,0,0,0,0
11718,0,0,0,0,0,0,0,0,0,0
11719,0,0,0,0,0,0,0,0,0,0
11720,0,0,0,0,0,0,0,0,0,0
11801,0,0,1,0,0,0,0,1,1,0
11802,0,0,0,0,0,0,0,0,0,0
11803,0,0,0,0,0,0,0,1,0,0
11804,0,0,0,0,0,0,0,1,0,0
11805,0,,0,0,0,0,0,0,0,0
11806,0,1,0,0,0,0,0,1,1,0
11807,1,1,0,0,0,0,0,0,0,0
11809,0,0,0,0,0,0,0,0,0,0
11810,0,0,0,0,0,0,0,1,0,0
11811,0,0,1,0,0,0,0,1,1,0
11812,0,0,0,0,0,0,0,0,0,0
11813,0,1,1,0,0,0,0,1,1,0
11814,0,0,0,1,0,0,0,0,0,0
11815,0,0,0,0,0,0,0,0,0,0
11816,0,0,0,0,0,0,0,1,1,1
11817,0,0,0,0,0,0,0,0,0,0
11818,0,0,0,0,0,0,0,0,1,0
11820,,,0,0,0,0,0,0,0,0
11901,0,0,0,0,0,0,0,0,0,0
11902,0,,0,0,0,0,0,0,0,0
11903,0,0,0,0,0,0,0,0,0,0
11905,0,0,0,0,0,0,0,1,0,0
11907,,0,0,0,0,0,0,0,0,0
11908,0,0,0,0,0,0,0,1,0,0
11909,,,0,0,0,0,0,0,0,0
11912,0,0,0,0,0,0,0,1,1,0
11913,0,0,0,0,0,0,0,0,0,0
11914,,0,0,0,0,0,0,0,0,0
11915,0,0,0,0,0,0,0,1,0,0
11916,0,0,0,0,0,0,0,0,0,0
11917,0,0,0,0,0,0,0,0,1,0
11918,0,0,0,0,0,0,0,0,0,0
11919,0,0,0,0,0,0,0,1,0,0
11920,0,0,0,0,0,0,0,0,0,0
12001,0,0,0,0,0,0,0,1,1,0
12002,,0,0,0,0,0,0,1,0,0
12003,0,0,1,0,0,0,0,0,1,0
12004,0,0,0,0,0,0,0,1,1,0
12005,0,0,0,0,0,0,0,0,1,1
12006,0,0,0,0,0,0,0,1,1,0
12007,0,0,0,0,0,0,0,1,0,0
12008,0,1,0,0,0,0,0,1,0,0
12009,0,0,0,0,0,0,0,0,0,0
12010,0,0,0,0,0,0,0,1,0,0
12011,0,1,0,0,0,0,0,1,1,0
12012,0,0,0,0,0,0,0,0,0,0
12013,0,0,0,0,0,0,0,0,1,1
12014,0,0,0,0,0,0,0,0,0,0
12015,0,0,0,0,0,0,0,1,0,0
12016,0,0,0,0,0,0,0,1,1,0
12018,0,0,0,0,0,0,0,0,0,0
12019,0,0,0,0,0,0,0,0,0,0
12020,0,0,0,0,0,0,0,1,0,0
12101,0,0,0,0,0,0,0,0,0,0
12103,0,0,0,0,0,0,0,1,0,0
12104,0,0,0,0,0,0,0,0,0,0
12105,0,0,0,0,0,0,0,0,1,0
12106,0,0,0,0,0,0,0,0,1,0
12107,0,0,0,0,0,0,0,0,0,0
12108,0,,0,0,0,0,0,0,1,0
12109,0,0,0,0,0,0,0,1,1,0
12110,1,0,0,0,0,0,0,1,0,0
12111,0,0,0,0,0,0,0,1,1,0
12112,0,0,0,0,0,0,0,0,0,0
12114,0,0,0,0,0,0,0,0,0,0
12115,0,0,0,0,0,0,0,1,0,0
12116,0,0,0,0,0,0,0,0,0,0
12117,0,0,0,0,0,0,0,0,0,0
12118,0,0,0,0,0,1,0,0,0,0
12119,0,0,0,0,0,0,0,0,1,0
12201,0,0,0,0,0,0,0,1,1,0
12202,0,1,1,0,0,0,0,1,0,0
12203,0,0,0,0,0,0,0,0,1,0
12204,0,0,0,0,0,0,0,1,1,0
12205,0,0,0,0,0,0,0,0,0,0
12207,0,0,0,0,0,0,0,1,1,1
12208,0,0,0,0,0,0,0,0,1,0
12209,0,0,0,0,0,0,0,1,1,0
12210,0,0,0,0,0,0,0,1,0,0
12211,0,0,0,0,0,0,0,1,1,1
12212,0,0,0,0,0,0,0,0,0,0
12213,,,0,0,0,0,0,1,0,0
12214,0,0,0,0,0,0,0,0,1,0
12215,1,0,0,0,0,0,0,0,0,0
12216,1,0,1,0,0,0,0,1,0,0
12218,0,0,0,0,0,0,0,1,0,0
12219,0,0,0,0,0,0,0,1,1,0
12220,0,0,0,0,0,0,0,1,0,0
12301,0,0,0,0,0,0,0,0,0,0
12302,0,0,0,0,0,0,0,0,0,0
12303,0,0,0,0,0,0,0,0,0,0
12304,0,0,0,0,0,0,0,0,0,0
12305,0,0,0,0,0,0,0,1,0,0
12306,0,0,0,0,0,0,0,0,0,0
12307,0,0,0,0,0,0,0,0,1,0
12308,0,0,0,0,0,0,0,1,1,0
12309,0,0,0,0,0,0,0,0,0,0
12310,0,0,0,0,0,0,0,1,0,0
12311,0,1,1,0,0,0,1,1,1,1
12312,0,0,0,0,0,0,0,0,0,1
12313,0,0,0,0,0,0,0,0,1,0
12314,,,0,0,0,0,0,1,0,0
12315,0,0,0,0,0,0,0,0,1,0
12316,0,0,0,0,1,0,1,1,1,1
12318,0,0,0,0,0,0,0,0,0,0
12319,0,0,0,0,0,0,0,1,1,0
12320,0,0,0,0,0,0,1,1,1,0
12402,0,0,0,0,0,0,0,1,1,0
12403,0,0,0,0,0,0,0,1,1,0
12404,0,0,0,0,0,0,0,0,0,0
12405,1,0,0,0,0,0,0,0,0,1
12406,0,1,0,0,0,0,0,1,1,0
12407,0,0,0,0,0,0,0,1,0,0
12408,0,0,0,0,0,0,0,1,1,0
12409,0,0,0,0,0,0,0,0,0,0
12410,0,0,0,0,0,0,0,1,0,0
12411,0,0,0,0,0,0,0,0,0,0
12412,0,0,0,0,0,0,0,0,0,0
12413,0,1,0,0,0,0,0,1,1,0
12414,0,0,0,0,0,0,0,1,0,0
12415,0,0,0,0,0,0,0,1,1,1
12416,0,0,0,0,0,0,0,1,0,0
12417,,0,0,0,0,0,0,0,0,0
12418,0,0,0,1,0,0,0,0,0,0
12419,0,0,0,0,0,0,0,0,1,0
12420,0,0,0,0,0,0,0,0,0,0
12501,0,0,0,0,0,0,0,0,0,0
12502,0,0,0,0,0,0,0,1,0,0
12503,0,0,0,0,0,0,0,0,0,0
12505,0,0,0,0,0,0,0,1,1,0
12506,0,0,0,0,0,0,0,0,0,0
12507,0,0,0,1,0,0,0,1,0,0
12508,0,0,0,0,0,0,0,0,0,0
12509,0,0,0,0,0,0,0,0,0,0
12510,0,0,0,0,0,0,0,1,0,0
12511,0,0,0,0,0,0,0,1,0,0
12512,0,0,0,0,0,0,0,0,0,0
12513,0,0,0,0,0,0,0,0,0,0
12514,0,0,0,0,0,0,0,1,0,0
12515,0,0,0,0,0,0,0,0,0,0
12516,0,0,0,0,0,0,0,0,0,0
12517,0,0,0,0,0,0,0,0,0,0
12519,0,0,0,1,0,0,0,0,0,0
12601,0,0,0,0,0,0,0,1,0,0
12602,,0,0,0,0,0,0,1,1,0
12603,0,0,0,0,0,0,0,0,0,0
12604,0,0,0,0,0,0,1,0,1,0
12605,0,0,0,0,0,0,0,0,0,0
12606,0,,0,0,0,0,0,0,0,0
12607,0,,0,0,0,0,0,0,0,0
12608,1,1,0,0,0,0,0,1,1,1
12609,0,0,0,0,0,0,0,0,0,0
12610,0,0,0,0,0,0,0,0,0,0
12611,0,0,0,0,0,0,0,0,0,0
12612,0,0,0,0,0,0,0,0,0,0
12613,0,0,0,0,0,0,0,1,0,1
12614,0,0,0,0,0,0,0,1,1,0
12616,0,0,1,0,0,0,0,1,0,0
12617,0,0,0,0,0,0,0,1,0,0
12618,0,0,0,0,0,0,0,1,1,0
12619,0,0,1,0,0,0,0,1,1,1
12620,0,,0,0,0,0,0,0,0,0
12701,0,0,0,0,0,0,0,1,0,0
12702,0,0,0,0,0,0,0,0,0,0
12703,0,0,0,0,0,0,0,1,1,0
12706,0,0,0,0,0,0,0,0,0,0
12707,0,0,0,0,1,0,0,1,1,1
12708,0,0,0,0,0,0,0,1,0,0
12709,0,0,0,0,0,0,0,0,1,0
12712,0,0,0,0,0,0,0,1,1,0
12713,0,0,0,0,0,0,0,1,0,1
12714,0,0,0,0,0,0,0,1,0,0
12715,0,0,0,0,0,0,0,0,0,0
12716,0,0,0,0,0,1,0,1,1,0
12717,0,0,0,0,0,0,0,1,1,0
12720,1,,0,0,0,0,0,1,1,1
12801,0,0,0,0,0,0,0,0,0,0
12802,0,0,0,0,0,0,0,1,0,0
12803,0,0,0,0,0,0,0,1,0,0
12804,0,0,0,0,0,0,0,0,0,0
12805,0,,0,0,0,0,0,0,0,0
12806,0,0,0,0,0,0,0,0,0,0
12808,0,0,0,0,0,0,0,1,0,0
12809,0,0,0,0,0,0,0,1,0,0
12810,0,0,0,0,0,0,0,0,0,0
12811,0,0,0,0,0,0,0,0,0,0
12812,0,0,0,0,0,0,0,0,0,0
12814,0,0,0,0,0,0,0,0,0,0
12815,0,0,0,0,0,0,0,0,0,0
12816,0,0,0,0,0,0,0,0,0,0
12817,0,0,0,0,0,0,0,0,0,0
12818,0,0,0,0,0,0,0,0,0,0
12819,0,0,0,0,0,0,0,0,0,0
12820,0,0,0,0,0,0,0,1,1,0
12901,0,0,0,0,0,0,0,0,0,0
12902,0,0,0,0,0,0,0,1,1,1
12903,0,0,0,0,0,0,0,1,1,1
12904,0,0,0,0,0,0,0,1,1,0
12906,0,0,0,0,0,0,0,1,0,0
12907,0,0,0,0,0,0,0,1,0,1
12908,0,1,0,0,0,0,0,0,0,0
12909,0,0,0,0,0,0,0,0,1,0
12910,0,0,0,0,0,0,0,0,0,0
12911,0,0,0,0,0,0,0,0,0,0
12912,0,0,0,0,0,0,0,0,0,0
12914,0,0,0,0,0,0,0,0,0,0
12915,0,0,0,0,0,0,0,0,1,0
12916,0,0,0,0,0,0,0,0,0,0
12917,0,0,0,0,0,0,0,1,0,0
12918,0,0,0,0,0,0,0,1,1,0
12919,0,0,0,0,0,0,0,0,1,0
12920,0,0,1,0,0,0,0,1,0,0
13002,0,0,0,0,0,0,0,0,0,0
13003,0,,0,0,0,0,0,0,0,0
13004,0,0,0,0,0,0,0,0,0,0
13005,0,0,0,0,0,0,0,1,0,0
13006,0,1,0,0,0,0,0,1,0,0
13007,0,0,0,0,0,0,0,0,0,0
13008,0,0,0,0,0,0,0,0,1,0
13009,0,0,0,0,0,0,1,1,1,1
13010,0,0,0,0,0,0,0,0,0,0
13011,0,0,0,0,0,0,0,1,0,0
13012,0,0,0,0,0,0,0,1,0,0
13013,0,0,0,0,0,0,0,1,0,0
13014,0,0,0,0,0,0,0,1,0,0
13015,0,0,0,0,0,0,0,0,1,0
13016,0,0,0,0,0,0,0,1,0,0
13017,0,0,0,0,0,0,0,1,0,0
13018,0,0,0,0,0,0,0,0,0,0
13019,0,1,0,0,0,0,0,1,1,0
13020,0,0,0,0,0,0,0,0,0,0
13101,0,0,0,0,0,0,0,0,1,0
13102,0,0,0,0,0,0,0,1,1,0
13103,0,0,0,0,0,0,0,1,0,0
13105,0,0,0,0,0,0,1,1,0,1
13106,0,,0,0,0,0,0,0,0,0
13107,0,0,0,0,0,0,0,1,0,1
13108,0,0,0,0,0,0,0,0,0,0
13109,0,0,0,0,0,0,0,1,0,0
13110,0,0,0,0,0,0,0,1,0,0
13111,0,0,0,0,0,0,0,1,1,1
13112,0,0,0,0,0,0,0,1,0,0
13113,0,0,1,0,0,0,0,1,1,0
13114,0,0,0,0,0,0,0,1,1,0
13115,0,0,0,0,0,0,0,1,1,0
13116,0,0,0,0,0,0,0,1,1,0
13117,0,1,0,0,0,0,0,1,1,0
13118,0,1,1,0,0,0,0,1,1,0
13119,0,0,0,0,0,0,1,1,1,0
13120,0,0,0,0,0,0,0,0,1,0
13201,0,0,0,0,0,0,0,0,0,0
13202,0,0,0,1,0,0,0,1,0,0
13203,0,0,0,0,0,0,0,0,1,0
13204,0,0,0,0,0,0,0,0,1,0
13205,1,0,0,0,0,0,0,0,1,0
13206,0,0,0,0,0,0,0,0,0,0
13208,0,0,0,0,0,0,0,0,0,0
13209,0,0,0,0,0,0,0,0,0,0
13210,0,0,0,0,0,0,0,1,1,0
13211,0,0,0,0,0,0,0,1,0,0
13212,0,0,0,0,0,0,0,1,1,0
13213,0,0,0,0,0,0,0,0,1,0
13214,0,0,0,0,0,0,0,1,0,0
13216,0,0,0,0,0,0,0,0,0,0
13217,0,0,0,0,0,0,0,1,1,1
13218,0,0,0,0,0,0,0,0,0,0
13219,0,0,0,0,0,0,0,0,1,0
13220,0,0,0,0,0,0,0,1,0,0
13301,0,0,0,0,0,0,0,0,1,0
13302,0,0,0,0,0,0,0,0,0,0
13303,0,0,0,0,0,0,0,1,1,0
13304,0,0,0,0,0,0,0,1,0,0
13305,0,0,0,0,0,0,0,1,0,0
13306,0,0,0,0,0,0,0,0,0,0
13307,0,0,0,0,0,0,0,1,1,0
13308,0,1,0,0,0,0,0,0,1,0
13309,0,0,0,0,0,0,0,0,0,0
13310,0,0,0,0,0,0,0,1,0,0
13311,0,0,0,0,0,0,0,1,0,0
13312,0,0,0,0,0,0,0,0,1,1
13313,0,0,0,0,0,0,0,0,0,0
13314,0,0,0,0,0,0,0,1,0,0
13315,0,0,0,0,0,0,0,0,0,0
13316,0,0,0,0,0,0,0,0,0,0
13317,0,0,0,0,0,0,0,1,1,0
13318,0,0,0,0,0,0,0,0,1,0
13319,0,0,0,1,0,0,1,1,0,0
13320,0,0,0,0,0,0,0,0,0,0
13401,0,0,0,0,0,0,0,1,1,1
13402,0,0,0,0,0,0,0,0,0,0
13405,0,,0,0,0,0,0,1,1,1
13406,0,0,0,0,0,0,0,1,1,0
13407,0,0,0,0,0,0,0,0,0,0
13408,0,0,0,0,0,0,0,1,1,1
13409,0,0,0,0,0,0,0,1,1,0
13410,0,0,0,0,0,0,0,1,1,1
13411,0,0,0,0,0,0,0,1,1,0
13412,0,0,0,0,0,0,0,0,1,0
13413,0,0,0,0,0,0,0,0,1,0
13414,0,0,0,0,0,0,0,1,1,0
13415,0,0,0,0,0,0,0,0,1,0
13416,0,0,0,1,0,0,0,1,1,0
13417,0,0,0,0,0,0,0,1,1,0
13418,0,0,0,0,0,0,0,1,1,1
13419,0,0,0,0,0,0,0,1,1,0
13420,0,0,0,0,0,0,0,0,1,0
13501,0,0,1,0,0,1,0,0,1,0
13502,0,0,0,0,0,1,0,0,0,0
13503,0,0,0,0,0,0,0,1,1,1
13504,0,0,0,0,0,0,0,0,0,0
13506,0,0,0,0,0,0,0,0,1,0
13507,0,0,0,0,0,0,0,0,0,0
13508,1,0,1,0,0,0,0,1,1,0
13509,0,0,0,0,0,0,0,0,0,0
13510,0,0,0,0,0,0,0,0,1,0
13511,0,0,0,0,0,0,0,0,1,0
13512,0,0,0,0,0,0,0,0,0,0
13513,0,0,0,0,0,0,0,0,1,0
13515,0,0,0,0,0,0,0,1,1,0
13516,0,0,1,0,1,0,0,1,1,0
13517,0,0,1,0,1,0,1,1,1,1
13519,0,0,1,0,0,0,0,1,1,0
13601,0,0,0,0,0,0,0,0,1,0
13602,0,0,0,0,0,0,0,0,0,0
13603,0,0,0,0,0,0,0,1,0,0
13604,1,0,0,0,0,0,0,0,1,0
13606,0,1,0,0,0,0,0,1,1,0
13607,0,0,0,0,0,0,0,0,0,0
13608,0,0,0,0,0,0,0,0,1,0
13609,0,0,0,0,0,0,0,0,0,0
13610,0,0,0,0,0,0,0,0,1,0
13611,0,,0,0,0,0,0,0,1,0
13612,0,0,0,0,0,0,0,0,1,0
13613,0,0,0,0,0,0,0,1,1,0
13614,0,0,0,0,0,0,1,1,1,1
13615,0,0,0,0,0,0,0,1,1,0
13616,0,0,0,0,0,0,0,1,0,0
13617,0,0,0,0,0,0,0,1,0,0
13618,0,0,0,0,0,0,0,1,1,0
13619,0,0,0,0,0,0,0,1,1,0
13620,0,0,0,0,0,0,0,1,1,0
13701,0,1,0,0,0,0,0,0,0,0
13702,0,0,0,0,0,0,0,0,0,1
13703,0,0,0,0,0,0,0,1,1,0
13704,0,0,0,0,0,0,0,1,0,0
13705,0,0,0,0,0,0,0,0,0,0
13706,0,1,0,0,0,0,0,0,1,0
13707,0,0,0,0,0,0,0,1,0,0
13709,0,0,0,0,0,0,0,0,0,0
13710,0,0,0,0,0,0,0,1,0,0
13711,0,0,0,0,0,0,0,0,0,0
13712,0,0,0,0,0,0,0,1,1,0
13713,0,0,0,0,0,0,0,1,0,0
13714,0,0,0,0,0,0,0,1,0,0
13715,0,0,0,0,0,0,0,1,0,0
13716,0,0,0,0,0,0,0,1,1,0
13717,0,0,0,0,0,0,0,1,0,0
13718,0,0,0,0,0,0,0,1,0,0
13719,0,0,0,0,0,0,0,1,1,0
13801,0,0,0,0,0,0,0,0,0,0
13802,0,0,0,0,0,0,0,0,1,0
13803,0,1,1,0,0,0,0,0,1,0
13804,0,0,0,0,0,0,0,0,1,0
13805,0,0,0,0,0,0,0,1,1,1
13806,0,0,0,0,0,0,0,1,1,0
13807,0,0,0,0,0,0,0,1,1,0
13808,0,0,0,0,0,0,0,0,0,0
13809,,0,0,0,0,0,0,1,1,0
13811,0,0,0,0,0,0,0,1,1,0
13812,0,0,0,0,0,0,0,0,1,0
13813,0,0,0,0,0,0,0,0,1,0
13814,0,,0,0,0,0,0,0,1,0
13815,0,0,0,0,0,0,0,0,0,0
13816,0,0,0,0,0,0,0,1,1,1
13817,0,0,0,0,0,0,0,1,0,0
13818,0,0,0,0,0,0,0,1,1,0
13819,0,0,0,0,0,0,0,0,0,0
13901,0,0,0,0,0,0,1,1,1,0
13902,,,0,0,0,0,0,1,0,0
13904,0,0,0,0,0,0,0,1,1,0
13906,0,0,0,0,0,1,0,0,0,0
13907,0,0,0,0,0,0,0,1,1,0
13909,0,0,0,0,0,0,0,1,1,0
13910,,0,0,0,0,0,0,0,0,0
13911,0,0,0,0,0,0,0,1,0,0
13912,0,0,0,0,0,0,0,0,0,0
13913,0,0,0,0,0,0,0,0,0,0
13914,0,0,0,0,0,0,0,0,0,0
13915,0,0,0,0,0,0,0,0,0,0
13916,0,0,0,0,0,0,0,1,1,1
13917,0,1,0,0,0,0,0,1,1,0
13918,0,0,0,0,0,0,0,1,1,0
13919,0,0,0,0,0,0,0,0,1,0
13920,0,0,0,0,0,0,0,1,1,0
14001,0,0,0,0,0,1,0,1,1,1
14002,0,0,0,0,0,0,0,1,1,0
14003,0,0,0,0,0,0,0,1,0,1
14004,0,0,0,0,0,0,0,0,0,0
14005,0,1,0,0,0,0,0,1,1,1
14006,0,1,0,0,0,0,0,1,0,0
14007,0,0,0,0,0,0,0,1,0,0
14008,0,0,0,0,0,0,0,0,0,0
14009,0,0,0,0,0,0,1,0,0,0
14010,0,0,1,0,0,0,0,1,1,0
14011,0,0,0,0,0,0,0,1,1,1
14012,0,0,0,0,0,0,1,1,1,0
14013,0,0,0,0,1,0,0,1,0,1
14014,0,0,0,0,1,0,0,1,0,0
14015,0,0,0,0,0,0,0,0,0,0
14017,0,0,0,0,0,0,0,1,1,1
14018,0,0,0,0,0,0,0,1,0,0
14019,0,0,0,0,0,0,1,1,1,1
14020,0,0,0,0,0,0,0,0,0,0
14101,,0,0,0,0,0,0,0,0,0
14102,0,0,0,0,0,0,0,0,0,0
14106,0,0,0,0,0,0,0,0,0,0
14107,0,0,0,0,0,0,0,0,0,0
14108,0,0,0,0,0,0,0,0,0,0
14110,0,1,0,0,0,0,0,0,0,0
14111,0,0,0,0,0,0,0,0,0,0
14112,0,0,0,0,0,0,0,0,0,0
14113,0,0,0,0,0,0,0,0,0,0
14114,0,0,0,0,0,0,0,0,0,0
14115,0,0,0,0,0,0,0,0,0,0
14116,0,0,0,0,0,0,0,0,0,0
14117,0,1,0,0,0,0,0,0,0,0
14118,0,0,0,0,0,0,0,0,0,0
14119,0,0,0,0,0,0,0,0,0,0
14120,0,0,0,0,0,0,0,0,0,0
14201,0,0,0,0,0,0,0,0,0,0
14202,0,0,0,0,0,0,1,1,0,1
14204,,0,0,0,0,0,0,1,1,0
14205,0,1,1,0,0,0,0,1,0,0
14206,0,0,0,0,0,0,0,1,0,0
14207,,0,0,0,0,0,0,0,1,0
14208,0,,0,0,0,0,0,0,0,0
14209,0,0,0,0,0,0,0,0,0,0
14210,,1,0,0,0,0,0,0,0,0
14211,0,0,0,0,0,0,0,0,0,0
14212,0,0,0,0,0,0,0,1,1,1
14213,0,1,0,0,0,0,0,0,0,0
14215,0,0,0,0,0,0,0,0,1,0
14216,1,1,0,0,0,0,0,0,0,0
14217,0,0,0,0,0,0,0,1,0,0
14219,0,1,0,0,0,0,0,1,0,0
14220,0,0,0,0,0,0,0,0,0,0
14301,0,0,0,0,0,0,0,1,1,0
14302,0,1,0,0,0,0,0,1,0,0
14303,0,0,0,0,0,0,0,0,0,0
14304,0,0,0,0,0,0,0,1,0,1
14305,0,0,1,0,0,0,0,0,0,0
14306,0,0,0,0,0,0,0,1,1,0
14307,0,0,0,0,0,0,0,0,0,0
14308,0,0,0,0,0,0,0,0,0,0
14309,0,0,0,0,0,0,0,0,0,0
14310,0,0,0,0,0,0,0,0,0,0
14311,0,0,0,0,0,0,0,0,0,0
14312,0,1,0,0,0,0,0,1,0,0
14313,0,0,0,0,0,1,1,1,0,0
14314,0,0,0,0,0,0,0,1,0,0
14315,0,0,0,0,0,0,0,0,0,0
14316,0,0,0,0,0,0,1,0,0,0
14317,0,0,0,0,0,0,0,0,0,1
14318,0,0,0,0,0,0,0,0,0,0
14319,0,0,0,0,0,0,0,1,1,0
14320,0,0,0,0,0,0,0,1,0,0
14401,0,0,0,0,0,0,0,0,0,0
14402,0,0,0,0,0,0,0,0,0,0
14403,0,0,0,0,0,0,0,0,1,0
14404,0,1,0,0,0,0,0,1,0,0
14405,0,0,0,0,0,0,0,0,0,0
14407,0,1,0,0,0,0,0,1,1,0
14408,0,0,0,0,0,0,0,1,0,1
14409,0,0,0,0,0,0,0,0,0,0
14410,0,0,0,0,0,0,0,1,0,0
14411,0,1,0,0,0,0,0,1,0,0
14413,0,1,0,0,0,0,0,1,0,0
14414,0,1,0,0,0,0,0,1,0,0
14415,0,0,0,0,0,0,0,1,1,0
14418,0,0,0,0,0,0,0,0,0,0
14419,0,0,1,0,0,0,0,1,1,0
14501,0,0,0,0,0,0,0,0,0,0
14502,0,0,0,0,0,1,1,1,0,1
14503,0,0,0,0,0,0,0,0,0,0
14506,0,0,0,0,0,0,0,0,1,0
14507,0,0,0,0,0,0,0,1,1,0
14508,0,0,0,0,0,0,0,1,0,0
14510,0,0,0,0,0,0,1,1,0,0
14512,0,0,0,0,0,0,0,0,1,0
14513,,,0,0,0,0,0,0,0,0
14514,0,0,0,0,0,0,0,1,0,0
14515,0,0,0,0,0,0,0,1,0,0
14516,,0,0,0,0,0,0,1,0,0
14517,0,0,0,0,0,0,0,1,0,0
14519,0,0,0,0,0,0,0,0,0,0
14520,0,0,0,0,0,0,0,0,0,0
14601,0,0,0,0,0,0,1,1,1,1
14602,0,0,0,0,0,0,0,0,0,0
14603,0,1,0,0,0,0,0,1,0,0
14604,0,0,0,0,0,0,1,1,0,1
14605,0,1,0,0,0,0,0,1,1,1
14606,0,0,0,0,0,0,0,0,0,0
14607,0,0,0,0,0,0,0,1,0,0
14608,0,0,0,0,0,0,0,1,1,0
14609,0,0,0,0,0,0,0,1,0,0
14610,,0,0,0,0,0,0,1,1,0
14611,0,0,0,0,0,0,0,0,1,0
14612,0,0,0,0,0,0,0,1,0,0
14613,0,0,0,0,0,0,0,0,0,0
14614,0,0,0,0,0,0,0,0,1,0
14615,0,0,0,0,0,0,0,1,0,0
14616,0,0,0,0,0,0,0,0,0,0
14617,0,0,0,0,0,0,0,0,0,0
14618,0,0,0,0,0,0,0,1,0,0
14619,0,0,0,0,0,0,1,1,1,0
14620,0,0,0,0,0,1,0,1,1,0
14701,0,0,0,0,0,0,0,0,1,0
14702,0,0,0,0,0,0,0,0,0,0
14703,0,0,0,0,0,0,0,1,1,0
14704,0,0,1,0,0,0,0,0,1,0
14705,0,0,0,0,0,0,0,0,0,0
14706,0,0,1,0,0,0,0,1,1,0
14707,0,0,0,0,0,0,0,1,1,0
14708,0,0,0,0,0,0,0,0,0,0
14709,0,0,0,0,0,0,0,1,1,0
14710,0,0,0,0,0,0,0,1,1,0
14711,0,0,0,0,0,0,0,0,0,0
14712,0,0,0,0,0,0,0,1,1,0
14713,0,0,0,0,0,0,0,0,1,0
14714,0,0,0,0,0,0,0,0,1,0
14715,0,0,0,0,0,0,0,1,1,1
14716,0,0,0,0,0,0,0,1,1,0
14717,0,0,0,0,0,0,0,0,0,0
14719,0,0,0,0,0,0,0,0,1,0
14720,0,0,0,0,0,0,0,1,0,0
14801,0,,0,0,0,0,0,0,0,0
14802,0,0,0,0,0,0,0,1,0,0
14803,0,0,1,0,0,0,0,0,1,0
14804,0,1,0,0,0,0,0,1,0,0
14805,0,0,0,0,0,0,0,0,0,0
14806,0,0,0,0,0,0,0,0,0,0
14807,0,0,0,0,0,0,0,0,0,0
14810,0,0,0,0,0,0,0,0,0,0
14811,0,0,0,0,0,0,0,1,1,1
14812,0,0,1,0,0,0,0,0,1,0
14813,0,0,0,0,0,0,0,1,1,0
14814,0,0,0,0,0,0,0,1,1,0
14815,0,0,0,0,0,0,0,1,1,0
14816,0,0,0,0,0,0,0,1,1,0
14817,0,0,0,0,0,0,0,1,0,0
14818,0,0,0,0,0,0,0,0,1,0
14819,0,0,0,0,0,0,0,0,0,0
14820,0,0,1,0,0,0,0,0,1,0
14901,0,0,0,0,0,0,0,0,0,0
14902,0,0,1,0,0,1,1,1,1,0
14903,0,0,0,0,0,0,0,1,0,0
14904,0,0,0,0,0,0,0,1,1,1
14905,0,0,0,0,0,0,0,0,0,0
14906,1,0,0,0,0,0,1,1,1,1
14907,0,0,0,0,0,0,0,1,0,1
14908,0,0,0,0,0,0,0,1,1,0
14909,0,0,0,0,0,0,0,0,0,0
14910,0,0,0,0,0,0,0,1,1,0
14911,0,0,0,0,0,0,0,1,1,0
14912,0,0,0,0,0,0,0,0,0,0
14913,0,0,0,0,0,0,0,1,1,0
14914,0,1,1,0,0,0,0,1,1,1
14915,1,1,0,0,0,0,0,1,1,0
14916,0,0,0,0,0,0,0,1,0,0
14917,0,0,0,0,0,0,0,1,0,0
14919,0,0,0,0,0,0,0,1,1,0
15001,0,0,0,0,0,0,0,1,1,0
15002,0,0,1,0,0,0,0,1,1,0
15003,0,0,0,0,0,0,0,1,0,0
15004,0,0,0,0,0,0,0,0,1,1
15005,0,0,1,0,0,0,0,1,1,0
15006,,0,0,0,0,0,0,0,0,0
15007,0,0,0,0,0,0,0,1,1,0
15008,0,,0,0,0,0,0,1,1,1
15009,0,0,0,0,0,0,0,1,1,1
15010,0,0,0,0,0,0,0,1,1,1
15011,0,0,0,0,0,0,0,1,1,0
15012,0,0,0,0,0,0,0,1,1,0
15013,0,,0,0,0,0,0,0,0,0
15014,0,0,1,0,0,0,0,1,0,0
15015,0,0,0,0,0,0,0,1,1,0
15016,0,0,0,0,0,0,0,1,0,0
15017,0,1,1,0,0,0,1,1,1,0
15018,0,1,0,0,0,0,1,0,0,0
15019,0,,0,0,0,0,0,1,0,0
15020,0,0,0,0,0,0,0,0,1,0
15103,0,,0,0,0,0,0,1,1,0
15104,0,1,0,0,0,0,0,0,0,0
15106,0,0,0,0,0,0,0,1,0,0
15107,0,0,0,0,0,0,1,0,1,0
15108,0,0,0,0,0,0,0,0,1,0
15109,0,0,0,0,0,0,0,0,1,0
15110,0,,1,0,0,0,1,0,1,0
15111,,1,0,0,0,0,0,0,1,0
15112,0,0,0,0,0,0,0,0,1,0
15113,0,0,0,0,0,0,0,0,1,0
15114,0,0,0,0,0,0,0,1,0,0
15115,0,0,0,0,0,0,0,1,1,1
15117,0,0,0,0,0,0,0,1,0,0
15118,0,0,0,0,0,0,0,1,0,0
15119,,0,0,0,0,0,0,1,0,0
15120,1,0,0,0,0,0,0,1,1,1
15201,0,0,0,0,0,0,0,1,1,0
15202,0,0,0,0,0,0,0,1,1,0
15203,0,,0,0,0,0,0,0,0,0
15204,0,0,0,0,0,0,0,1,1,0
15205,0,1,0,0,0,0,0,0,1,0
15206,0,,0,0,0,0,0,1,1,0
15207,0,0,0,0,0,0,0,1,0,0
15208,0,0,0,0,0,0,1,0,0,0
15209,0,0,0,0,0,0,0,1,0,0
15211,0,0,0,0,0,0,0,1,1,0
15212,,0,0,0,0,0,0,0,0,0
15213,,,0,0,0,0,0,1,1,0
15214,0,0,1,0,0,0,0,1,0,0
15215,0,0,0,0,0,0,0,0,1,0
15216,0,0,0,0,0,0,0,0,0,0
15217,0,0,0,0,0,0,0,1,1,0
15220,0,0,1,0,0,0,0,0,1,0
15301,0,0,0,0,0,0,0,0,0,0
15302,0,0,0,0,0,0,0,0,0,0
15303,0,0,1,0,0,0,0,1,1,1
15304,0,0,0,0,0,0,0,0,1,0
15305,0,0,0,0,0,0,0,1,1,0
15306,0,0,0,0,0,0,0,0,0,0
15307,0,1,1,0,0,0,0,1,0,0
15308,0,0,0,0,0,0,0,1,1,0
15309,0,0,0,0,0,0,0,1,0,0
15310,0,0,0,0,0,0,0,1,1,0
15311,0,0,0,0,0,0,0,0,1,0
15312,0,0,0,0,0,0,0,1,1,0
15313,0,0,0,0,0,0,1,1,1,1
15314,0,0,0,0,0,0,0,0,0,0
15315,0,0,0,0,0,0,1,1,1,1
15316,0,0,0,0,0,0,0,1,1,0
15317,0,0,0,0,0,0,0,1,0,0
15318,,,0,0,0,0,0,0,0,0
15319,0,0,0,0,0,0,0,1,1,0
15320,0,0,0,0,0,0,0,1,0,0
15401,0,1,0,0,0,0,0,1,1,0
15402,0,0,1,0,0,0,0,1,1,0
15403,0,0,0,0,0,0,0,1,1,1
15404,0,0,0,0,0,0,1,1,1,0
15405,0,0,0,0,0,0,0,1,1,0
15406,0,1,0,0,0,0,0,1,1,0
15407,0,1,1,0,0,0,0,0,1,0
15408,,0,0,0,0,0,0,1,1,0
15409,0,0,0,0,0,0,0,0,0,0
15410,0,1,0,0,0,0,0,1,0,0
15411,0,,0,0,0,0,0,1,1,0
15412,0,0,0,0,0,0,0,1,0,1
15415,0,1,1,0,0,0,0,1,1,0
15416,,1,0,0,0,0,0,1,0,0
15417,0,0,0,0,0,0,0,0,1,0
15418,,0,0,0,0,0,0,0,1,0
15419,0,0,0,0,0,0,0,1,1,0
15501,0,0,0,0,0,0,0,1,1,0
15502,0,0,0,0,0,0,0,1,1,0
15503,0,1,0,0,0,0,0,1,1,0
15504,0,0,0,0,0,0,0,0,1,0
15505,0,0,0,0,0,0,0,0,1,0
15506,0,,0,0,0,0,0,0,1,0
15508,0,0,0,0,1,0,0,1,1,1
15509,0,,,0,0,0,0,1,1,1
15510,0,0,0,0,0,0,0,1,1,0
15511,0,0,0,0,0,0,0,1,0,0
15513,,0,0,0,0,0,0,1,1,0
15516,0,0,0,0,0,0,0,1,1,0
15518,0,0,0,0,0,0,0,1,1,0
15520,0,,0,0,0,0,0,1,0,0
15601,0,,0,0,0,0,0,0,0,0
15602,0,0,0,0,0,0,0,0,1,0
15603,0,0,0,0,0,0,0,0,1,0
15604,0,1,,0,0,0,0,0,0,0
15605,0,0,0,0,0,0,0,1,0,0
15606,0,0,0,0,0,0,0,1,1,0
15607,,0,0,0,0,0,0,1,0,0
15608,0,0,0,0,0,0,0,0,1,0
15609,0,0,0,0,0,0,0,1,0,0
15611,0,0,0,0,1,0,0,1,0,1
15612,0,0,0,0,0,0,0,1,0,0
15613,0,0,0,0,0,0,0,1,1,0
15614,0,0,0,0,0,0,0,0,1,0
15615,0,0,0,0,0,0,0,0,0,0
15616,0,0,0,0,0,0,0,1,0,0
15617,0,0,0,0,0,0,0,0,0,0
15618,0,0,1,0,0,0,0,1,1,0
15619,0,,0,0,0,0,0,0,0,0
15620,0,0,0,0,0,0,0,0,0,0
15701,0,,0,0,0,0,0,1,0,0
15704,0,0,0,0,0,0,0,1,0,1
15705,,0,0,0,0,0,0,0,0,0
15706,0,0,0,0,0,0,1,0,0,0
15707,0,0,0,0,0,0,0,0,0,0
15708,0,0,0,0,0,0,0,0,1,0
15709,0,0,0,0,0,0,0,1,0,0
15710,0,0,0,0,0,0,0,1,0,0
15711,0,0,0,0,0,0,0,1,0,0
15712,0,0,0,0,0,0,1,1,1,1
15713,0,1,0,0,0,0,0,1,1,0
15715,0,0,0,0,0,0,0,1,1,0
15716,0,0,0,0,0,0,0,1,0,0
15717,0,,0,0,0,0,1,1,1,0
15718,0,0,0,0,0,0,0,1,1,0
15719,0,0,0,0,0,0,0,1,1,0
15720,0,0,0,0,0,0,0,1,0,0
15802,0,0,0,0,0,0,0,0,0,0
15803,0,0,0,0,0,0,0,1,1,0
15804,0,0,0,0,0,0,0,1,1,0
15805,0,1,0,0,0,0,0,0,1,0
15806,0,0,0,0,0,0,0,1,0,0
15807,0,0,0,0,0,0,0,1,1,0
15808,0,1,0,0,0,0,0,0,1,0
15809,0,0,0,1,0,0,0,1,0,1
15810,0,0,0,0,0,0,0,1,0,0
15811,0,0,0,0,0,0,0,1,1,1
15812,0,0,0,0,0,0,0,0,0,0
15814,,0,0,0,0,0,0,0,0,0
15815,0,0,0,0,0,0,0,1,1,0
15816,0,1,0,0,0,0,0,0,1,0
15817,0,0,0,0,0,0,0,1,1,0
15818,0,0,0,0,0,0,0,0,1,0
15819,0,0,0,0,0,0,0,0,0,0
15820,0,0,0,0,0,0,0,1,1,0
15901,0,0,0,0,0,0,0,1,1,1
15902,0,0,0,0,0,0,0,1,1,0
15903,,0,0,0,0,0,0,0,0,0
15904,0,0,0,0,0,0,0,0,1,0
15905,0,1,0,0,0,0,0,0,1,0
15906,0,0,0,0,0,0,0,1,1,0
15907,0,0,0,0,0,0,0,0,1,0
15908,0,0,0,0,0,0,0,1,0,0
15909,0,0,0,0,0,0,0,1,1,0
15910,0,0,0,0,0,0,0,0,0,0
15911,0,0,0,0,0,0,0,1,1,0
15912,,0,0,0,0,0,0,1,1,0
15913,,0,0,0,0,0,0,1,1,1
15914,0,,0,0,0,0,1,0,1,0
15916,0,0,0,0,0,0,0,0,1,0
15917,0,0,0,0,0,0,0,1,1,1
15918,0,0,0,0,0,0,0,1,0,0
15919,0,0,0,0,0,0,0,0,0,0
16001,0,0,0,0,0,1,0,1,1,0
16002,0,0,0,0,0,0,0,1,1,0
16003,0,0,0,0,0,1,0,0,0,0
16004,0,0,0,0,0,0,0,0,0,0
16006,0,0,0,0,0,0,0,1,1,0
16007,0,0,0,0,0,0,0,0,0,0
16008,0,,0,0,0,0,0,1,0,0
16009,0,0,0,0,0,1,0,0,1,1
16010,0,0,0,0,0,0,0,1,0,0
16011,0,0,0,0,0,0,0,0,0,0
16012,0,0,0,0,0,0,0,1,0,0
16013,0,0,0,0,0,0,0,0,1,0
16014,0,0,0,0,0,0,0,0,0,0
16015,0,0,0,0,0,0,0,0,1,0
16016,0,0,0,0,0,0,0,1,0,0
16017,0,0,0,0,0,0,0,0,0,0
16018,0,0,0,0,0,0,0,0,1,0
16019,0,0,0,0,0,0,0,0,0,0
16020,0,0,0,0,0,0,0,1,0,1
16101,0,0,0,0,0,0,0,0,0,0
16102,0,0,0,0,0,0,0,0,0,0
16103,0,,0,0,0,0,0,0,0,0
16106,0,0,0,0,0,0,0,0,1,0
16107,0,0,0,0,0,0,0,0,1,0
16108,0,0,0,0,0,0,0,0,0,0
16109,,,0,0,0,0,0,1,0,0
16110,0,0,0,0,0,0,1,1,1,0
16111,0,0,0,0,0,0,0,0,0,0
16112,0,0,0,0,0,0,0,1,0,0
16113,0,1,0,0,0,0,0,1,0,0
16115,0,0,0,0,0,0,0,0,0,0
16117,0,0,0,0,0,0,0,1,0,0
16118,0,0,0,0,0,0,1,0,1,0
16119,0,0,0,0,0,0,1,1,0,0
16120,0,0,0,0,0,0,0,0,0,0
16201,0,0,0,0,0,0,0,0,1,0
16203,0,0,0,0,0,0,1,1,1,1
16204,0,0,0,0,0,0,0,0,1,0
16207,0,0,0,0,0,0,0,1,1,1
16208,0,0,0,0,0,0,0,0,1,0
16209,0,0,0,0,0,0,0,1,1,1
16210,0,0,0,0,0,0,0,1,1,0
16213,0,0,0,0,0,0,0,0,1,0
16214,0,0,1,0,0,0,0,0,1,0
16215,0,0,0,0,0,0,0,0,0,0
16217,0,0,0,0,0,0,0,1,0,0
16218,0,0,1,0,0,0,0,1,1,0
16219,0,0,0,0,0,0,0,0,1,0
16302,1,0,0,0,0,0,0,0,0,0
16303,1,1,0,0,0,0,0,1,1,1
16304,0,0,0,0,0,0,0,0,0,0
16305,0,0,0,0,0,0,0,1,1,0
16306,0,0,0,0,0,1,1,1,1,0
16307,0,0,0,0,0,0,0,0,0,0
16309,0,0,1,0,0,0,0,1,1,0
16310,1,,1,0,0,0,0,1,1,1
16311,0,0,0,0,0,0,0,0,1,0
16313,0,,0,0,0,0,1,1,0,1
16314,,0,0,0,0,0,0,1,0,0
16316,0,0,0,0,1,0,0,1,1,1
16317,0,0,0,0,0,0,0,1,0,0
16318,0,0,0,0,0,0,0,0,0,0
16319,0,0,0,0,0,0,0,1,0,0
16320,0,0,0,0,0,0,0,1,1,0
16401,0,0,0,0,0,0,0,1,0,0
16402,0,0,0,0,0,0,0,1,1,0
16403,0,0,0,0,0,0,0,1,1,0
16404,0,0,0,0,0,0,0,1,1,0
16405,0,0,0,0,0,0,0,0,1,0
16407,1,0,0,0,0,0,0,0,0,0
16408,0,0,0,0,0,0,0,1,1,0
16409,0,0,0,0,0,0,0,1,1,1
16410,0,0,0,0,0,0,0,0,0,0
16411,0,0,0,0,0,0,0,0,1,0
16412,0,0,0,0,0,0,0,0,1,0
16413,0,0,0,0,0,0,0,1,0,0
16414,0,0,0,0,0,0,0,1,0,0
16415,0,0,0,0,0,0,0,0,0,0
16416,0,,0,0,0,0,0,1,0,0
16417,0,0,0,0,0,0,0,0,1,1
16418,0,0,0,0,0,0,0,1,1,0
16419,0,0,0,0,0,0,0,1,0,0
16420,0,0,1,0,0,0,0,1,1,0
16501,0,0,0,0,0,0,0,1,1,0
16502,0,0,0,0,0,0,0,1,1,0
16503,0,0,0,0,0,0,0,1,1,0
16504,0,0,0,0,0,0,0,0,0,0
16505,0,0,0,0,0,0,0,1,0,0
16506,0,0,0,0,0,0,0,0,1,0
16507,0,0,0,0,0,0,0,1,1,0
16508,0,0,0,0,0,0,0,0,0,0
16509,0,0,0,0,0,0,0,1,0,0
16512,0,0,0,0,0,0,0,0,0,0
16514,0,0,0,0,0,0,0,0,1,0
16515,0,0,0,0,0,0,0,1,1,0
16516,0,0,0,0,0,0,0,0,1,0
16517,0,0,0,0,0,0,0,1,0,0
16518,0,0,0,0,0,0,0,0,0,0
16519,0,0,0,0,0,0,0,1,0,0
16601,0,0,0,0,0,0,0,0,1,0
16603,0,,0,0,0,0,0,1,0,0
16604,0,0,0,0,0,0,0,0,1,0
16605,0,1,1,0,0,0,0,0,1,0
16606,0,0,0,0,0,0,0,0,1,1
16607,0,0,1,0,0,0,0,1,0,0
16608,0,0,0,0,0,0,0,1,1,0
16609,0,0,0,0,0,0,0,0,1,0
16610,0,0,0,1,0,0,0,1,0,0
16611,0,0,0,0,0,0,0,1,1,0
16612,1,1,0,0,0,0,1,0,0,0
16613,0,0,0,0,0,0,0,0,1,0
16615,0,0,0,0,0,0,0,1,0,0
16616,0,0,0,1,0,0,0,1,0,0
16617,0,0,0,0,0,0,0,1,1,1
16618,0,0,0,0,0,0,0,1,1,0
16620,0,0,1,0,0,0,0,0,1,0
16701,0,0,0,0,0,0,0,1,1,1
16704,0,0,0,0,0,0,0,1,1,0
16705,0,0,0,0,0,0,0,1,1,1
16706,0,0,0,0,0,0,0,1,1,0
16707,0,0,0,0,0,0,0,1,1,0
16708,0,0,0,0,0,0,0,1,1,0
16709,0,0,1,0,0,0,0,1,1,0
16710,0,0,0,0,0,0,0,1,1,0
16711,0,0,0,0,0,0,0,0,0,0
16712,0,0,1,0,0,0,0,1,1,0
16713,0,0,0,0,0,0,0,0,1,1
16714,0,,0,0,0,0,0,0,0,0
16715,0,0,1,0,0,0,0,1,1,0
16716,0,0,0,0,0,0,0,1,0,0
16717,0,0,0,0,0,0,0,1,1,0
16718,,,0,0,0,0,0,1,0,0
16719,0,1,0,0,0,0,0,0,0,0
16801,0,0,1,0,0,0,0,0,1,0
16802,0,0,0,0,0,0,0,1,1,0
16803,0,0,0,0,0,0,0,0,0,0
16804,0,0,0,0,0,0,0,0,0,0
16805,0,0,0,0,0,0,0,0,0,0
16806,0,0,1,0,0,0,0,0,0,0
16807,0,0,0,0,0,0,0,1,1,0
16808,0,0,1,0,0,0,0,0,0,0
16809,0,1,1,0,0,0,0,0,1,0
16810,0,0,1,0,0,0,0,1,1,0
16811,0,0,1,0,0,0,0,1,1,0
16812,0,0,1,0,0,0,0,0,1,0
16814,0,0,0,0,0,0,0,1,1,0
16815,0,0,0,0,0,0,0,1,1,0
16816,0,0,0,0,0,0,0,1,1,0
16817,0,0,1,0,0,0,0,1,1,0
16818,0,0,0,0,0,0,0,1,1,1
16901,0,0,0,0,0,0,0,0,0,0
16902,0,0,0,0,0,0,0,1,1,0
16903,0,0,0,0,0,0,0,1,0,0
16904,0,0,0,0,0,0,0,0,1,0
16905,0,0,0,0,0,0,0,1,0,0
16906,0,0,0,0,0,0,0,0,1,0
16907,0,0,0,0,0,0,0,1,1,0
16908,1,0,1,0,0,0,0,1,0,0
16909,0,0,1,0,0,0,0,1,1,0
16910,0,0,1,0,0,0,0,1,0,0
16911,0,0,1,0,0,0,0,0,0,0
16912,0,0,0,0,0,0,0,1,1,1
16913,0,0,0,0,0,0,0,1,0,0
16914,0,0,1,0,0,0,0,0,0,0
16915,0,0,1,0,0,0,0,0,0,0
16916,0,0,0,0,0,0,0,1,0,0
16917,0,0,0,0,0,0,0,1,1,0
16919,0,0,0,0,0,0,0,0,1,0
16920,1,0,1,0,0,0,0,1,1,0
17002,0,0,1,0,0,0,0,1,1,0
17003,0,0,0,0,0,0,0,0,1,0
17004,0,0,0,0,0,0,0,0,1,0
17005,0,0,0,0,0,0,0,1,1,0
17006,0,0,0,0,0,0,0,1,1,0
17007,0,0,0,0,0,0,0,1,1,0
17008,0,0,0,0,0,0,0,1,0,0
17009,0,0,0,0,0,0,0,0,0,0
17010,0,0,0,0,0,0,0,1,0,0
17011,0,0,0,0,0,0,0,1,1,0
17013,0,0,1,0,0,0,0,1,1,1
17014,0,0,0,0,0,0,0,1,1,0
17015,0,0,0,0,1,0,0,1,1,1
17016,0,0,0,0,0,0,0,0,0,0
17017,0,0,0,0,0,0,0,1,1,0
17020,0,0,1,0,0,0,0,1,1,1
17101,0,0,0,0,0,0,0,1,1,0
17102,0,0,0,0,0,0,0,0,1,0
17103,0,0,0,0,0,0,0,0,1,0
17104,0,0,0,0,0,0,0,0,1,0
17105,0,0,0,0,0,0,0,1,1,0
17106,0,0,1,0,0,0,0,0,0,0
17107,0,0,1,0,0,0,0,0,0,0
17108,0,0,1,0,0,0,0,1,1,0
17109,0,0,0,0,0,0,0,1,1,0
17110,0,0,0,0,0,0,0,1,1,0
17111,0,0,0,0,0,0,0,1,1,0
17113,0,0,0,0,0,0,0,1,1,0
17114,0,0,0,0,0,0,0,0,0,0
17115,0,0,0,0,0,0,0,1,1,1
17116,0,0,0,0,0,0,0,1,1,0
17117,0,0,0,0,0,0,0,0,0,0
17118,0,0,0,0,0,0,0,1,1,0
17119,0,0,0,0,0,0,0,1,1,0
17120,0,0,1,0,1,0,0,1,1,0
17201,0,,0,0,0,1,0,1,1,0
17202,0,0,0,0,0,0,0,1,1,0
17203,0,0,0,0,0,0,0,0,1,0
17204,0,0,0,0,0,0,1,1,1,1
17205,0,0,0,0,0,0,0,1,0,0
17206,0,0,0,0,0,0,0,1,1,0
17207,0,0,1,0,0,0,0,0,0,0
17208,0,0,0,0,0,0,0,0,1,0
17210,0,0,0,0,0,0,0,0,0,0
17211,0,0,1,0,0,0,0,1,1,1
17212,0,0,1,0,0,0,0,1,1,0
17213,0,0,0,0,0,0,0,1,1,1
17214,0,0,0,0,0,0,0,0,0,0
17215,1,0,1,0,0,0,0,1,1,1
17216,0,0,0,0,0,0,0,0,1,0
17217,0,0,0,0,0,0,0,0,1,0
17218,0,0,0,0,0,0,0,0,0,0
17219,0,0,1,0,0,0,0,0,0,0
17220,0,0,0,0,0,0,0,1,1,0
17301,0,0,0,0,0,0,0,0,0,0
17302,0,0,0,0,0,0,0,1,0,0
17303,0,0,0,0,0,0,0,1,0,0
17304,0,0,0,0,0,0,0,0,1,0
17305,0,0,1,0,0,0,0,1,0,0
17306,0,0,1,0,0,0,0,0,0,0
17307,0,0,0,0,0,0,0,1,0,0
17308,1,0,0,0,0,0,0,1,0,0
17309,0,0,1,0,0,0,0,1,0,0
17310,0,0,0,0,0,0,0,0,0,0
17311,0,0,0,0,0,0,0,1,0,0
17312,0,0,0,0,0,0,0,1,0,0
17313,0,0,1,0,0,0,0,0,0,0
17314,0,0,1,0,0,0,0,0,1,0
17315,0,0,0,0,0,0,0,1,1,0
17316,0,0,0,0,0,0,0,1,1,0
17317,0,0,0,0,0,0,0,1,1,0
17318,0,0,0,0,0,0,0,0,1,0
17319,0,0,0,0,0,0,0,1,1,0
17320,1,0,0,0,0,0,0,1,1,1
17401,0,0,0,0,0,0,0,1,0,0
17402,0,0,0,0,0,0,0,0,0,0
17403,0,0,0,0,0,0,0,0,0,0
17404,0,0,0,0,0,0,0,0,0,0
17405,0,0,1,0,0,0,0,1,1,0
17406,0,0,0,0,0,0,0,1,1,0
17407,0,0,0,0,0,0,0,1,1,0
17408,0,0,0,0,0,0,0,0,0,0
17409,0,0,0,0,0,0,0,1,1,0
17410,0,0,0,0,0,0,0,1,1,0
17412,0,0,0,0,0,0,0,0,0,1
17413,0,0,0,0,0,0,0,1,0,0
17414,0,0,1,0,0,0,0,1,1,0
17415,0,0,1,0,0,0,0,1,1,0
17416,0,0,0,0,0,0,0,0,1,0
17417,0,0,0,0,0,0,0,1,1,0
17418,0,0,0,0,0,0,0,1,0,0
17419,0,0,0,0,0,0,0,1,1,0
17420,0,0,0,0,0,0,0,1,1,0
17502,0,0,0,0,0,0,0,1,0,0
17503,0,0,0,0,0,0,0,0,0,0
17504,0,0,0,0,0,0,0,1,1,0
17505,0,0,0,0,0,0,0,0,0,0
17507,0,0,0,0,0,0,0,1,1,0
17508,0,0,0,0,0,0,0,0,1,0
17509,0,1,1,0,0,0,0,0,1,0
17510,0,0,0,0,0,0,0,1,1,0
17511,0,0,0,0,0,0,0,1,1,1
17513,0,0,0,0,0,0,0,1,1,0
17514,0,0,0,0,0,0,0,1,1,0
17515,0,0,1,0,0,0,0,1,1,0
17517,0,0,1,0,0,0,0,1,1,1
17518,0,0,1,0,0,0,0,1,0,0
17519,0,0,1,0,0,0,0,1,1,0
17520,0,0,0,0,1,0,0,1,1,1
17601,0,0,0,0,0,0,0,0,0,0
17602,0,0,0,0,0,0,0,0,0,0
17603,0,0,0,0,0,0,0,1,0,0
17604,0,0,0,0,0,0,0,0,0,0
17605,0,0,0,0,0,0,0,0,1,0
17606,0,0,0,0,0,0,0,0,1,0
17608,0,1,0,0,0,0,0,0,0,0
17609,0,0,0,0,0,0,0,0,0,0
17610,0,0,0,0,0,0,0,0,1,0
17611,0,0,1,0,0,0,0,0,0,0
17612,0,0,0,0,0,0,0,1,1,0
17613,0,0,1,0,0,0,0,0,1,0
17614,0,0,0,0,0,0,0,0,1,0
17615,0,0,0,0,0,0,0,1,1,1
17616,0,0,0,0,0,0,0,1,1,0
17617,0,0,0,0,0,0,0,0,1,0
17618,0,0,0,0,0,0,0,1,1,0
17619,0,0,0,0,0,0,0,0,1,0
17620,0,0,0,0,0,0,0,0,1,0
17701,0,0,0,0,0,0,0,0,1,0
17702,0,0,0,0,0,0,0,1,0,0
17703,0,1,0,0,0,0,0,0,1,0
17704,1,0,0,0,0,0,0,0,0,0
17705,0,0,0,0,0,0,0,0,0,0
17706,0,0,0,0,0,0,0,0,1,0
17707,1,0,0,0,0,0,0,0,1,0
17708,0,0,0,0,0,0,0,0,0,0
17709,0,0,0,0,0,0,0,1,0,0
17710,0,0,0,0,0,0,0,1,0,0
17711,0,0,0,0,0,0,0,1,0,0
17712,0,0,0,0,0,0,0,0,1,0
17713,0,0,0,0,0,0,0,0,0,0
17714,0,0,0,0,0,0,0,1,1,0
17715,0,0,0,0,0,0,0,1,1,0
17716,0,0,0,0,0,0,0,1,1,0
17717,0,0,0,0,0,0,0,0,0,0
17718,0,0,0,0,0,0,0,0,0,0
17719,0,0,1,0,0,0,0,0,0,0
17720,0,0,0,0,0,0,0,0,0,0
17801,0,0,0,0,0,0,0,1,1,0
17802,0,0,0,0,0,0,0,1,1,0
17803,0,0,0,0,0,0,0,1,1,0
17804,0,0,0,0,0,0,0,0,0,0
17805,0,0,0,0,0,0,0,0,1,0
17806,0,0,0,0,0,0,0,0,0,0
17807,0,0,0,0,0,0,0,0,0,0
17808,0,0,0,0,0,0,0,0,1,0
17809,0,0,0,0,0,0,0,0,1,0
17810,0,0,0,0,0,0,0,0,1,0
17811,0,0,0,0,0,0,0,1,1,0
17812,0,0,0,0,0,0,0,1,1,0
17813,0,0,0,0,0,0,0,1,1,0
17814,0,0,0,0,0,0,0,0,1,0
17815,0,0,1,0,0,0,0,0,1,0
17816,0,0,0,0,0,0,0,0,0,0
17817,0,0,0,0,0,0,0,0,1,0
17818,0,0,0,0,0,0,0,1,1,0
17819,0,0,0,0,0,0,0,1,1,0
17820,0,1,1,0,0,0,0,0,1,0
17901,0,0,0,0,0,0,0,1,1,0
17902,0,0,0,0,0,0,0,1,1,0
17903,0,0,0,0,0,0,0,0,1,0
17904,0,0,0,0,0,0,0,0,1,0
17905,0,0,0,0,0,0,0,0,1,0
17907,0,0,0,0,0,0,0,1,1,0
17908,0,0,0,0,0,0,0,0,0,0
17909,0,0,0,0,0,0,0,0,0,0
17910,0,0,0,0,0,0,0,0,1,0
17911,0,0,0,0,0,0,0,0,0,0
17912,0,0,0,0,0,0,0,1,1,1
17913,0,0,0,0,0,0,0,1,1,0
17914,0,0,0,0,0,0,0,1,1,0
17915,0,0,0,0,0,0,0,0,1,0
17916,0,1,0,0,0,0,1,1,1,0
17917,0,0,0,0,0,0,0,1,1,0
17919,0,0,0,0,0,0,0,1,1,0
17920,0,0,1,0,0,0,0,1,1,0
18001,0,0,1,0,0,0,0,1,1,0
18002,0,0,0,0,0,0,0,1,1,1
18003,0,0,0,0,0,0,0,0,1,0
18004,0,0,0,0,0,0,0,1,1,0
18005,0,0,0,0,0,0,0,1,1,0
18006,0,0,0,0,0,0,0,0,1,0
18007,,0,0,0,0,0,0,0,1,0
18008,0,0,0,0,0,0,0,0,1,0
18009,0,0,0,0,0,0,0,1,1,0
18010,0,0,0,0,0,0,0,1,1,1
18011,0,0,0,0,0,0,0,0,1,0
18012,0,0,0,0,0,0,1,1,1,1
18013,0,0,0,0,0,0,0,1,1,0
18014,0,0,0,0,0,0,0,0,0,0
18015,0,0,0,0,0,0,0,0,1,0
18016,0,0,0,0,0,0,0,1,1,0
18017,0,0,0,0,0,0,0,1,1,0
18018,0,0,0,0,0,0,0,1,1,0
18019,0,0,0,0,0,0,0,0,1,0
18020,0,1,0,0,0,0,0,1,1,0
18101,0,0,0,0,0,0,0,1,1,0
18102,0,1,0,0,0,0,0,1,1,0
18103,0,1,0,0,0,0,0,0,1,0
18104,0,0,0,0,0,0,0,0,1,0
18105,0,0,0,0,0,0,0,0,1,0
18106,0,0,0,0,0,0,0,1,1,0
18107,0,0,0,0,0,0,0,1,1,0
18108,0,0,0,0,0,0,0,0,0,0
18109,0,0,0,0,0,0,0,1,1,0
18111,0,0,0,0,0,0,0,0,0,0
18112,0,0,0,0,0,0,0,0,1,0
18113,0,0,0,0,0,0,0,0,0,0
18114,0,0,0,0,0,0,0,0,0,0
18115,0,0,0,0,0,0,0,0,1,0
18116,0,0,0,0,0,0,0,0,0,0
18117,0,0,0,0,0,0,0,0,1,0
18118,0,0,0,0,0,0,0,1,0,0
18119,0,0,0,0,0,0,0,0,1,0
18120,0,0,0,0,0,0,0,1,1,0
18201,0,0,0,0,0,0,0,0,1,0
18202,0,0,0,0,0,0,0,0,1,0
18203,0,0,0,0,0,0,0,1,1,0
18204,0,1,1,0,0,0,0,1,1,0
18205,0,0,0,0,0,0,0,1,1,0
18206,0,0,0,0,0,0,0,1,1,0
18207,0,0,0,0,0,0,0,1,1,0
18208,0,0,0,0,0,0,0,0,1,0
18209,0,0,0,0,0,0,0,1,1,0
18210,0,0,0,0,0,0,0,1,1,0
18211,0,0,0,0,0,0,0,1,1,0
18212,0,0,0,0,0,0,0,1,1,0
18213,1,0,0,0,0,0,0,1,1,0
18214,0,1,1,0,0,0,0,1,1,0
18215,0,0,0,0,0,0,0,0,1,0
18216,0,0,0,0,0,0,0,0,1,0
18217,0,0,0,0,0,0,0,1,1,0
18218,0,0,0,0,0,0,0,1,1,1
18219,0,0,0,0,0,0,0,1,1,1
18220,0,0,0,0,0,0,0,1,1,0
18301,0,0,0,0,0,0,0,1,0,0
18302,0,0,0,0,0,0,0,0,0,0
18303,0,0,0,0,0,0,0,0,0,0
18304,0,0,0,0,0,0,0,0,0,0
18305,0,0,0,0,0,0,0,1,0,0
18306,0,0,0,0,0,0,0,0,0,0
18308,0,0,0,0,0,0,0,0,1,0
18309,0,0,0,0,0,0,0,0,0,0
18310,0,0,0,0,0,0,0,1,1,0
18311,0,0,0,0,0,0,0,0,1,0
18312,0,0,0,0,0,0,0,0,1,0
18313,0,0,0,0,0,0,0,0,1,0
18314,0,0,0,0,0,0,0,0,0,0
18315,0,0,0,0,0,0,0,0,1,0
18317,0,0,0,0,0,0,0,1,1,0
18318,0,0,0,0,0,0,0,1,1,0
18319,0,0,0,0,0,0,0,0,0,0
18320,0,0,0,0,0,0,0,0,0,0
18402,0,0,0,0,0,0,0,0,1,0
18403,0,0,0,0,0,0,0,1,1,0
18404,0,0,0,0,0,0,0,0,1,0
18405,0,0,0,0,0,0,0,1,1,0
18406,0,0,0,0,0,0,0,1,1,0
18407,0,0,0,0,0,0,0,1,1,0
18408,0,0,0,0,0,0,0,1,1,0
18409,0,1,0,0,0,0,0,0,1,0
18410,0,0,0,0,0,0,0,0,0,0
18411,0,0,0,0,0,0,0,1,1,0
18412,0,0,0,0,0,0,0,1,1,1
18413,0,0,0,0,0,0,0,0,1,0
18414,0,0,0,0,0,0,0,0,1,0
18415,0,0,0,0,0,0,0,0,0,0
18416,0,0,0,0,0,0,0,1,1,1
18417,0,0,1,0,0,0,0,0,1,0
18418,0,1,0,0,0,0,0,0,1,0
18419,0,0,0,0,0,0,0,1,1,0
18420,0,0,0,0,0,0,0,1,1,0
18502,0,0,0,0,0,0,0,0,0,0
18503,0,0,0,0,0,0,0,1,1,0
18506,0,0,0,0,0,0,0,0,0,0
18507,0,0,0,0,0,0,0,1,1,0
18508,0,0,0,0,0,0,0,0,0,0
18509,0,0,0,0,0,0,0,0,1,1
18510,0,0,0,0,0,0,0,0,1,0
18511,0,0,0,0,0,0,0,0,0,0
18512,0,0,0,0,0,0,0,0,1,0
18513,0,0,1,0,0,0,0,1,1,0
18514,0,0,0,0,0,0,0,1,1,1
18516,0,0,0,0,0,0,0,0,1,0
18517,0,1,0,0,0,0,0,1,1,1
18518,0,0,0,0,0,0,0,0,1,0
18519,0,0,0,0,0,0,0,1,1,1
18520,0,0,0,0,0,0,0,0,0,0
18601,0,0,0,0,0,0,0,0,1,0
18602,0,0,0,0,0,0,0,0,1,0
18603,0,0,1,0,0,0,0,0,1,0
18604,0,0,0,0,0,0,0,0,0,0
18605,0,0,0,0,0,0,0,0,1,0
18606,0,0,0,0,0,1,0,1,1,0
18607,0,0,0,0,0,0,0,0,0,0
18608,0,1,0,0,0,0,0,0,1,0
18609,0,0,0,0,0,0,0,0,0,0
18611,0,0,1,0,0,0,0,1,1,1
18612,0,1,0,0,0,0,0,0,1,0
18613,0,0,0,0,0,0,0,1,1,0
18614,0,0,0,0,0,0,0,0,1,0
18615,0,0,0,0,0,0,0,1,1,1
18616,0,0,0,0,0,0,0,0,1,0
18617,0,0,0,0,0,0,0,1,1,0
18618,0,0,0,0,0,0,0,1,0,0
18619,0,0,0,0,0,0,0,0,0,0
18701,0,0,0,0,0,0,0,1,0,0
18702,,0,0,0,0,1,0,0,0,0
18703,0,0,0,0,0,0,0,0,0,0
18704,0,0,0,0,0,0,0,1,1,0
18705,0,0,0,0,0,0,0,0,0,0
18706,0,0,0,0,0,0,0,1,1,0
18707,0,0,0,0,0,0,0,1,1,0
18708,0,0,0,0,0,0,0,1,1,0
18709,0,0,0,0,0,0,0,0,1,0
18710,0,0,0,0,0,0,0,1,1,0
18711,0,0,1,0,0,0,0,0,0,0
18712,0,0,0,0,0,0,0,1,0,0
18713,0,0,0,0,0,0,0,0,1,0
18714,0,0,0,0,0,0,0,1,1,1
18715,0,0,0,0,0,0,0,1,1,0
18716,0,0,0,0,0,0,0,1,1,0
18717,0,0,0,0,0,0,0,1,1,0
18718,0,1,0,0,0,0,0,0,1,0
18719,0,0,0,0,0,0,0,0,1,0
18720,0,0,0,0,0,0,0,0,0,0
18801,0,0,0,0,0,0,0,1,1,0
18802,0,0,0,0,0,0,0,0,0,0
18803,0,0,0,0,0,0,0,0,1,0
18804,0,0,0,0,0,0,0,1,1,1
18805,0,0,0,0,0,0,0,1,1,0
18806,0,0,0,0,0,0,0,1,0,0
18807,0,0,0,0,0,0,0,1,1,0
18808,0,0,0,0,1,0,0,1,1,1
18809,0,0,0,0,0,0,0,0,0,0
18810,0,0,0,0,0,0,0,0,1,0
18811,0,0,0,0,0,0,0,0,1,0
18812,0,0,0,0,0,0,0,0,0,0
18813,0,0,0,0,0,0,0,1,1,0
18814,0,0,0,0,0,0,1,1,1,0
18815,0,1,0,0,0,0,0,0,0,0
18816,0,0,0,0,0,0,0,1,1,0
18817,0,0,0,0,0,0,0,0,1,0
18818,0,0,1,0,0,0,0,1,1,0
18819,0,0,0,0,0,0,0,1,1,0
18820,0,0,0,0,0,0,0,1,1,0
18902,0,0,0,0,0,0,0,1,1,1
18903,0,0,0,0,0,0,0,1,1,0
18904,0,0,0,0,0,0,1,1,1,0
18905,0,0,0,0,0,0,0,0,1,1
18906,0,0,1,0,0,0,0,1,1,0
18907,0,0,0,0,1,0,0,1,1,1
18908,0,0,0,0,0,0,1,1,1,0
18909,0,0,0,0,0,0,0,0,1,0
18910,1,0,0,0,0,0,0,1,1,1
18911,0,0,0,0,1,0,1,1,1,1
18912,0,0,0,0,0,0,0,0,1,0
18913,0,0,0,0,0,0,0,0,1,0
18914,0,0,0,0,0,0,0,1,0,1
18915,0,0,0,0,0,0,0,1,1,0
18916,0,1,0,0,0,0,0,1,1,1
18917,0,1,0,0,0,0,0,0,1,0
18918,0,0,0,0,0,0,0,0,0,0
18919,0,0,0,0,0,0,1,1,1,1
18920,0,0,0,0,0,0,0,1,1,0
19001,0,0,0,0,0,0,0,0,0,0
19002,0,0,0,0,0,0,0,1,1,0
19003,0,0,0,0,0,0,0,0,0,0
19004,0,1,0,0,0,0,0,0,1,1
19005,0,0,0,0,0,0,0,0,0,0
19006,0,0,0,0,0,0,0,1,1,0
19007,0,0,0,0,0,0,0,1,1,0
19008,0,0,0,0,0,0,0,1,0,0
19010,0,0,0,0,0,0,0,1,1,0
19011,0,0,0,0,0,0,0,0,1,0
19012,0,0,0,0,0,0,0,0,0,0
19013,0,0,1,0,0,0,0,1,1,0
19014,0,0,0,0,0,0,0,0,1,0
19015,0,0,0,0,0,0,0,0,0,0
19016,0,0,0,0,0,0,0,1,1,0
19017,0,0,0,0,0,0,0,1,1,1
19019,0,0,0,0,0,0,0,1,1,0
19020,0,0,1,0,0,0,0,0,1,0
19101,0,0,0,0,0,0,0,0,1,0
19102,0,0,0,0,0,0,0,1,0,0
19103,0,0,0,0,0,0,0,1,1,0
19104,0,0,0,0,0,0,0,0,1,0
19105,0,0,0,0,0,0,0,1,1,0
19106,0,0,0,0,0,0,0,0,1,0
19107,0,0,0,0,0,0,0,0,0,0
19108,0,0,0,0,0,0,0,0,0,0
19110,0,0,0,0,0,0,0,1,0,0
19111,0,0,0,0,0,0,1,1,1,1
19112,0,0,0,0,0,0,0,0,0,0
19113,0,0,0,0,0,0,0,1,1,0
19114,0,0,0,0,0,0,0,0,0,0
19115,0,0,0,0,0,0,0,1,1,0
19116,0,0,0,0,0,0,0,0,1,0
19117,0,0,0,0,0,0,0,1,0,0
19118,0,0,0,0,0,0,0,1,1,0
19119,0,0,0,0,0,0,0,1,1,0
19201,0,0,0,0,0,0,0,1,1,0
19202,0,0,0,0,0,0,0,1,1,0
19203,0,0,0,0,0,0,0,1,0,0
19204,0,0,0,0,0,0,0,0,0,0
19205,0,0,1,0,0,0,0,0,1,0
19207,0,1,0,0,0,0,0,1,1,1
19208,0,0,1,0,0,0,0,0,1,0
19209,0,0,0,0,0,0,0,1,0,0
19210,0,0,0,0,0,0,0,0,0,0
19211,0,0,0,0,0,0,0,1,1,0
19212,0,0,0,0,0,0,0,0,1,0
19213,1,0,0,0,0,0,0,1,1,0
19214,0,0,0,0,0,0,0,0,1,0
19215,0,0,0,0,0,0,0,1,0,0
19216,0,0,0,0,0,0,0,0,1,0
19217,0,0,0,0,0,0,0,1,1,1
19218,0,0,0,0,0,0,0,1,1,0
19219,0,0,0,0,0,0,0,1,1,0
19220,0,0,0,0,0,0,0,0,0,0
19301,0,0,0,0,0,0,0,0,0,0
19302,0,0,0,0,0,0,0,1,1,1
19303,0,0,0,0,0,0,0,1,1,1
19304,0,0,0,0,0,0,0,1,1,0
19306,0,0,0,0,0,0,0,1,1,0
19307,0,0,0,0,0,0,0,1,1,0
19308,0,0,0,0,0,0,0,1,1,0
19309,0,0,0,0,0,0,0,0,0,0
19310,0,1,0,0,0,0,0,1,1,0
19311,0,0,0,0,0,0,0,0,0,0
19312,0,0,0,0,0,0,0,0,0,0
19313,0,0,0,0,0,0,0,0,0,0
19314,0,0,0,0,0,0,0,0,1,0
19315,0,0,0,0,0,0,0,0,0,0
19317,0,0,0,0,0,0,0,1,1,0
19318,0,1,0,0,0,0,0,0,0,0
19319,0,0,0,0,0,0,0,1,1,0
19320,0,0,0,0,0,0,0,0,0,0
19401,0,0,0,0,0,0,0,1,1,0
19402,0,0,0,0,0,0,0,1,1,0
19403,0,0,0,0,0,0,0,0,0,0
19404,0,0,0,0,0,0,0,1,0,0
19405,0,0,0,0,0,0,0,0,0,0
19406,0,0,1,0,0,0,0,0,0,0
19407,0,0,0,0,0,0,0,1,0,0
19408,0,0,0,0,0,0,0,1,0,0
19409,0,0,0,0,0,0,0,1,0,0
19410,0,0,0,0,0,0,0,1,0,0
19411,0,0,0,0,0,0,0,1,0,0
19412,0,0,0,0,0,0,0,0,0,0
19413,0,0,0,0,0,0,0,1,1,0
19414,0,0,0,0,0,0,0,1,1,0
19415,0,0,0,0,0,0,0,0,0,0
19416,0,0,0,0,0,0,0,1,0,0
19417,0,0,0,0,0,0,0,1,1,0
19418,0,0,0,0,0,0,0,0,1,0
19501,0,0,0,0,0,0,0,0,0,0
19502,0,0,0,0,0,0,0,0,1,0
19503,0,1,0,0,0,0,0,1,1,1
19504,0,0,0,0,0,0,0,1,1,1
19505,0,0,0,0,0,0,0,1,0,0
19506,0,0,1,0,0,0,0,1,0,0
19507,0,0,0,0,0,0,0,1,1,0
19508,0,0,0,0,0,0,0,0,0,0
19509,0,0,0,0,0,0,0,1,1,0
19510,0,0,0,0,0,0,0,1,1,0
19511,0,0,0,0,0,0,0,1,1,0
19512,0,0,0,0,0,0,0,0,1,0
19513,0,0,0,0,0,0,0,0,1,0
19514,0,0,0,0,0,0,0,1,0,1
19515,0,0,0,0,0,0,0,1,1,0
19516,0,0,0,0,0,0,0,0,0,0
19518,0,0,1,0,0,0,0,0,1,0
19519,0,0,0,0,0,0,0,0,0,0
19520,0,0,0,0,0,0,0,0,0,0
19601,0,0,0,0,0,0,0,0,1,0
19602,0,0,0,0,0,0,0,0,0,0
19603,0,0,0,0,0,0,0,0,0,0
19604,0,0,0,0,0,0,0,1,0,0
19605,0,0,0,0,0,0,0,1,1,1
19606,0,0,0,0,0,0,0,1,1,1
19607,0,0,0,0,0,0,0,0,1,0
19608,0,1,0,0,0,0,0,1,1,0
19609,0,0,1,0,0,0,0,1,0,0
19610,0,0,0,0,0,0,0,1,1,1
19611,,0,0,0,0,0,1,1,1,0
19612,0,0,0,0,0,0,0,1,1,0
19613,0,0,0,0,0,0,0,1,1,0
19614,,0,0,0,0,0,0,0,1,0
19615,1,0,0,0,0,0,0,0,1,0
19616,0,1,0,0,1,0,0,1,1,1
19617,0,0,0,0,0,0,0,1,1,1
19618,0,0,0,0,0,0,0,1,1,1
19619,0,0,0,0,0,0,0,1,1,0
19620,0,0,0,0,1,0,1,1,1,1
19701,0,0,0,0,0,0,0,0,0,0
19702,0,0,0,0,0,0,0,1,0,0
19703,0,0,0,0,0,0,0,1,0,0
19704,0,0,0,0,0,0,0,1,1,0
19705,0,0,0,0,0,0,0,0,0,0
19706,0,0,0,0,0,0,0,0,1,0
19707,0,0,0,0,0,0,0,1,1,0
19708,0,0,1,0,0,0,0,1,1,1
19709,0,0,0,0,0,0,0,0,1,0
19710,0,1,0,0,0,0,0,0,1,0
19711,0,0,0,0,0,0,0,0,1,0
19712,0,0,0,0,0,0,0,0,1,0
19713,0,0,0,0,0,0,0,0,0,0
19714,0,0,0,0,0,0,0,0,1,0
19715,0,0,0,0,0,0,0,1,1,0
19716,0,0,0,0,0,0,0,0,0,0
19717,0,0,0,0,0,0,0,1,1,0
19718,0,0,0,0,0,0,0,1,1,0
19719,0,0,0,0,0,0,0,1,1,0
19720,0,0,0,0,0,0,0,1,0,0
19801,0,0,0,0,0,0,0,0,0,0
19802,0,0,0,0,0,0,0,1,0,0
19803,0,0,0,0,0,0,0,0,0,0
19804,1,0,0,0,0,0,0,0,1,0
19805,,0,0,0,0,0,0,0,1,0
19806,0,0,0,0,0,0,0,0,1,0
19807,0,0,0,0,0,0,0,0,1,0
19809,0,0,0,0,0,0,0,0,1,0
19810,0,0,0,0,0,0,0,0,0,0
19811,0,0,0,0,0,0,0,0,0,0
19812,0,0,1,0,0,0,0,0,1,0
19813,0,0,0,0,0,0,0,1,1,0
19814,0,0,0,0,0,0,0,1,1,1
19815,0,0,0,0,0,0,0,1,1,0
19816,0,0,0,0,0,0,0,0,0,0
19817,0,0,0,0,0,0,0,1,1,1
19818,0,0,0,0,0,0,0,0,1,0
19819,0,0,0,0,0,0,0,1,1,1
19901,0,0,0,0,0,0,0,0,0,0
19902,0,0,0,0,0,0,0,0,1,0
19903,0,0,0,0,0,0,0,1,0,0
19904,0,0,0,0,0,0,0,1,1,0
19905,0,0,0,0,0,0,0,0,0,0
19906,0,0,0,0,0,0,0,0,0,0
19907,0,0,0,0,0,0,0,0,0,0
19908,0,0,0,0,0,0,0,0,0,0
19909,0,0,0,0,0,0,0,0,0,0
19910,1,0,0,0,0,0,0,1,0,0
19911,0,0,0,0,0,0,0,1,0,0
19913,0,0,0,0,0,0,0,0,0,0
19914,0,0,0,0,0,0,0,1,1,0
19915,0,0,0,0,0,0,0,0,1,0
19916,0,0,0,0,0,0,0,1,1,0
19917,0,0,0,0,0,0,0,1,1,0
19918,0,0,0,0,0,0,0,1,1,0
19919,0,0,0,0,0,0,0,0,0,0
20002,0,0,0,0,0,0,0,0,1,0
20003,0,0,0,0,0,0,0,0,1,0
20004,,1,0,0,0,0,0,0,1,0
20005,0,0,0,0,0,0,0,0,0,0
20006,0,0,0,0,0,0,0,1,1,0
20007,0,0,0,0,0,0,0,1,1,1
20008,0,0,0,0,0,0,0,0,1,0
20009,0,0,0,0,0,0,0,1,1,0
20010,0,0,0,0,0,0,0,1,1,1
20011,,0,0,0,0,0,0,1,1,0
20012,0,0,0,0,0,1,0,1,1,1
20013,0,0,0,0,0,0,0,0,0,0
20014,0,0,0,0,0,0,0,0,0,0
20015,0,0,0,0,0,0,0,1,0,0
20016,0,0,0,0,0,0,0,1,1,0
20017,0,0,0,0,0,0,0,0,1,0
20019,0,0,0,0,0,0,0,1,1,1
20020,0,1,0,0,0,0,0,1,1,0
20101,0,0,0,0,0,0,0,0,1,1
20102,0,0,0,0,0,0,0,0,1,0
20103,0,0,0,0,0,0,0,1,1,0
20104,0,0,0,0,0,0,0,1,0,1
20105,0,0,0,0,0,0,0,0,1,0
20106,0,0,0,0,0,0,0,0,0,0
20107,0,0,0,0,0,0,0,1,1,1
20108,0,0,0,0,0,0,0,0,1,0
20109,0,0,0,0,0,0,0,0,1,0
20110,0,0,0,0,0,0,0,1,1,0
20111,0,0,0,0,0,0,0,1,1,0
20112,0,0,0,0,0,0,0,1,1,0
20113,0,0,1,0,0,0,0,1,1,0
20114,0,0,0,0,0,0,0,1,1,0
20116,0,0,0,0,0,0,0,1,1,1
20117,0,0,0,0,0,0,0,0,1,0
20118,0,0,0,0,0,0,0,1,1,0
20119,0,0,0,0,0,0,0,1,1,1
20120,0,0,0,0,0,0,0,1,1,0
20201,0,0,0,0,0,0,0,0,1,0
20202,0,0,0,0,0,0,0,0,1,0
20204,0,1,1,0,0,0,0,0,1,0
20205,0,0,0,0,0,0,0,1,1,0
20206,0,0,0,0,0,0,0,0,1,1
20207,0,0,0,0,0,0,0,0,0,0
20208,0,0,0,0,0,0,0,1,1,0
20209,0,0,0,0,0,0,0,1,0,0
20210,0,0,0,0,0,0,0,1,1,0
20211,0,1,0,0,0,0,0,1,1,1
20212,0,1,0,0,0,0,0,1,1,1
20215,0,0,0,0,0,0,0,1,0,0
20216,0,0,0,0,0,0,0,1,1,0
20217,0,0,0,0,0,0,0,1,0,0
20218,0,0,0,0,0,0,0,1,1,0
20219,0,0,1,0,0,0,0,0,1,0
20220,0,0,0,0,0,0,0,0,1,0
20301,0,0,0,1,0,0,0,0,0,0
20302,0,0,0,0,0,0,0,0,0,0
20303,0,0,0,0,0,0,0,0,0,0
20304,0,0,0,0,0,0,0,1,1,0
20305,0,0,0,0,0,0,0,1,0,0
20306,0,0,0,0,0,0,0,1,1,1
20307,0,0,0,0,0,0,0,1,1,0
20308,0,0,0,0,0,0,0,1,1,0
20309,0,0,0,0,0,0,0,0,1,0
20311,0,0,0,0,0,0,0,0,1,0
20312,0,0,0,0,0,0,0,0,0,0
20313,0,0,1,0,0,0,0,1,1,0
20314,0,0,0,0,0,0,0,0,0,0
20315,0,0,1,0,0,0,0,1,0,0
20316,0,0,0,0,0,0,0,1,1,0
20317,0,0,0,0,0,0,0,1,0,0
20318,0,0,0,0,0,0,0,1,1,0
20319,0,0,0,0,0,0,0,0,1,0
20320,0,0,0,0,0,0,0,1,0,0
20401,0,0,0,0,0,0,0,0,0,0
20402,0,0,0,0,0,0,0,0,1,0
20403,0,0,1,0,0,0,0,0,1,0
20404,0,0,0,0,0,0,0,1,1,0
20405,0,0,0,0,0,0,0,0,1,0
20406,0,0,0,0,0,0,0,1,1,0
20407,0,0,0,0,0,0,0,1,0,0
20408,0,0,0,0,0,0,0,1,1,0
20409,0,0,0,0,0,0,0,0,1,0
20411,0,0,0,0,0,0,0,1,1,1
20417,0,0,0,0,0,0,0,1,1,0
20418,0,0,0,0,0,0,0,0,1,0
20419,0,0,0,0,0,0,0,0,1,0
20420,0,0,0,0,0,0,0,0,0,0
